1653783211996 0.6791349053382874 0
1653783213348 0.5966670513153076 1
1653783214892 0.5875484943389893 2
1653783216301 0.5832915902137756 3
1653783217602 0.5787622928619385 4
1653783218880 0.5771633386611938 5
1653783220295 0.5757725834846497 6
1653783221523 0.5755302309989929 7
1653783222822 0.5730401873588562 8
1653783224116 0.5711259841918945 9
1653783225558 0.5706306099891663 10
1653783227019 0.5706491470336914 11
1653783228151 0.5699700713157654 12
1653783229316 0.5686166286468506 13
1653783230460 0.5681915283203125 14
1653783231746 0.5680055022239685 15
1653783232949 0.56800377368927 16
1653783234172 0.5682550072669983 17
1653783235616 0.5672098994255066 18
1653783236956 0.5665439963340759 19
1653783238272 0.5675358772277832 20
1653783239509 0.5664429068565369 21
1653783240777 0.5667747855186462 22
1653783242209 0.5657921433448792 23
1653783243408 0.5649245977401733 24
1653783244599 0.5658239722251892 25
1653783245901 0.5674330592155457 26
1653783247201 0.5653212070465088 27
1653783248422 0.563777506351471 28
1653783249621 0.5647880434989929 29
1653783250828 0.5633180141448975 30
1653783252075 0.5618467926979065 31
1653783253429 0.5626059770584106 32
1653783254642 0.5611419677734375 33
1653783255868 0.564103901386261 34
1653783257210 0.5601896643638611 35
1653783258657 0.5610162615776062 36
1653783273923 0.5674330592155457 37
