1653782033915 0.7528484463691711 0
1653782035124 0.6845827698707581 1
1653782036365 0.6384740471839905 2
1653782037536 0.6222968697547913 3
1653782038690 0.6118442416191101 4
1653782039838 0.6071563959121704 5
1653782041116 0.5981096625328064 6
1653782042350 0.5993526577949524 7
1653782043503 0.5986620783805847 8
1653782044655 0.5932996273040771 9
1653782045947 0.5880655646324158 10
1653782047162 0.5893667340278625 11
1653782048329 0.5926386117935181 12
1653782049476 0.5832982063293457 13
1653782050712 0.5929481387138367 14
1653782051903 0.5813390016555786 15
1653782053190 0.5875704884529114 16
1653782054387 0.5800623297691345 17
1653782055564 0.5814987421035767 18
1653782056757 0.5783618688583374 19
1653782057913 0.581095278263092 20
1653782066827 0.5880655646324158 21
