1653776138809 28.483434677124023 0
1653776139151 28.304737091064453 1
1653776139470 28.090892791748047 2
1653776139833 27.80869483947754 3
1653776140143 27.498857498168945 4
1653776140472 27.182985305786133 5
1653776140783 26.883726119995117 6
1653776141102 26.608123779296875 7
1653776141417 26.367774963378906 8
1653776141728 26.128929138183594 9
1653776142048 25.9201602935791 10
1653776142360 25.748336791992188 11
1653776142669 25.577125549316406 12
1653776142983 25.419418334960938 13
1653776143300 25.263132095336914 14
1653776143611 25.120681762695312 15
1653776143922 24.94401741027832 16
1653776144226 24.798006057739258 17
1653776144542 24.653053283691406 18
1653776144849 24.508068084716797 19
1653776145158 24.389982223510742 20
1653776145470 24.252113342285156 21
1653776145822 24.125835418701172 22
1653776146148 23.986923217773438 23
1653776146472 23.867389678955078 24
1653776146789 23.757856369018555 25
1653776147099 23.637845993041992 26
1653776147406 23.530925750732422 27
1653776147721 23.419187545776367 28
1653776148033 23.318286895751953 29
1653776148346 23.209381103515625 30
1653776148653 23.095149993896484 31
1653776148960 23.034914016723633 32
1653776149262 22.946063995361328 33
1653776149565 22.809934616088867 34
1653776149874 22.71172332763672 35
1653776150183 22.634817123413086 36
1653776150490 22.5198917388916 37
1653776150796 22.422658920288086 38
1653776151112 22.359224319458008 39
1653776151428 22.253952026367188 40
1653776151737 22.173978805541992 41
1653776152044 22.09362030029297 42
1653776152391 21.994640350341797 43
1653776152703 21.90595054626465 44
1653776153004 21.836366653442383 45
1653776153309 21.76133155822754 46
1653776153620 21.662229537963867 47
1653776153923 21.590057373046875 48
1653776154232 21.527311325073242 49
1653776154539 21.42273712158203 50
1653776154840 21.355745315551758 51
1653776155145 21.275239944458008 52
1653776155455 21.231491088867188 53
1653776155770 21.118619918823242 54
1653776156083 21.037588119506836 55
1653776156389 20.99655532836914 56
1653776156692 20.89757537841797 57
1653776157001 20.847806930541992 58
1653776157307 20.760963439941406 59
1653776157623 20.692739486694336 60
1653776157933 20.62701988220215 61
1653776158236 20.547460556030273 62
1653776158594 20.443477630615234 63
1653776158909 20.397415161132812 64
1653776159222 20.33488655090332 65
1653776159526 20.278051376342773 66
1653776159833 20.19255828857422 67
1653776160146 20.139705657958984 68
1653776160451 20.047094345092773 69
1653776160762 19.96936798095703 70
1653776161065 19.897733688354492 71
1653776161391 19.85083770751953 72
1653776161702 19.782962799072266 73
1653776162008 19.69957160949707 74
1653776162310 19.663911819458008 75
1653776162622 19.57162094116211 76
1653776162925 19.506675720214844 77
1653776163228 19.4902286529541 78
1653776163535 19.371931076049805 79
1653776163838 19.35102081298828 80
1653776164146 19.258594512939453 81
1653776164457 19.21643829345703 82
1653776164763 19.14240074157715 83
1653776165108 19.068748474121094 84
1653776165418 18.992549896240234 85
1653776165723 18.94112777709961 86
1653776166033 18.859167098999023 87
1653776166341 18.833112716674805 88
1653776166661 18.759441375732422 89
1653776166971 18.681623458862305 90
1653776167274 18.599563598632812 91
1653776167586 18.585437774658203 92
1653776167893 18.517879486083984 93
1653776168200 18.44141960144043 94
1653776168533 18.385705947875977 95
1653776168844 18.323532104492188 96
1653776169148 18.267593383789062 97
1653776169455 18.206796646118164 98
1653776169805 18.178726196289062 99
1653776170124 18.106861114501953 100
1653776170427 18.025075912475586 101
1653776170740 17.95857810974121 102
1653776171056 17.923656463623047 103
1653776171373 17.8570556640625 104
1653776171678 17.811586380004883 105
1653776171984 17.732667922973633 106
1653776172293 17.656137466430664 107
1653776172608 17.613298416137695 108
1653776172911 17.58193588256836 109
1653776173216 17.487163543701172 110
1653776173534 17.460506439208984 111
1653776173848 17.370773315429688 112
1653776174158 17.341690063476562 113
1653776174466 17.296438217163086 114
1653776174783 17.179094314575195 115
1653776175086 17.171628952026367 116
1653776175453 17.116472244262695 117
1653776175759 17.046964645385742 118
1653776176070 16.983318328857422 119
1653776176382 16.928606033325195 120
1653776176694 16.89185905456543 121
1653776177011 16.84209632873535 122
1653776177318 16.742130279541016 123
1653776177628 16.707530975341797 124
1653776177933 16.6389102935791 125
1653776178244 16.62428855895996 126
1653776178561 16.568679809570312 127
1653776178864 16.494829177856445 128
1653776179179 16.425893783569336 129
1653776179495 16.373228073120117 130
1653776179808 16.351512908935547 131
1653776180117 16.250221252441406 132
1653776180430 16.241573333740234 133
1653776180739 16.18448829650879 134
1653776181091 16.095312118530273 135
1653776181408 16.080718994140625 136
1653776181717 16.03994369506836 137
1653776182029 15.948782920837402 138
1653776182349 15.929056167602539 139
1653776182666 15.84019947052002 140
1653776182975 15.818059921264648 141
1653776183283 15.713183403015137 142
1653776183609 15.72226333618164 143
1653776183920 15.63776969909668 144
1653776184240 15.579346656799316 145
1653776184554 15.531063079833984 146
1653776184853 15.46143627166748 147
1653776185165 15.420625686645508 148
1653776185479 15.392075538635254 149
1653776185783 15.340949058532715 150
1653776186369 15.333884239196777 151
1653776186725 15.226957321166992 152
1653776187033 15.187454223632812 153
1653776187338 15.152148246765137 154
1653776187647 15.061959266662598 155
1653776187963 15.03963851928711 156
1653776188269 14.950244903564453 157
1653776188581 14.916916847229004 158
1653776188883 14.871247291564941 159
1653776189195 14.898514747619629 160
1653776189507 14.806472778320312 161
1653776189818 14.752708435058594 162
1653776190128 14.663121223449707 163
1653776190440 14.663383483886719 164
1653776190755 14.599020004272461 165
1653776191111 14.531439781188965 166
1653776191423 14.529166221618652 167
1653776191739 14.451663970947266 168
1653776192044 14.394485473632812 169
1653776192359 14.389652252197266 170
1653776192687 14.348010063171387 171
1653776193001 14.28093433380127 172
1653776193308 14.227998733520508 173
1653776193620 14.177838325500488 174
1653776193934 14.138382911682129 175
1653776194248 14.11658000946045 176
1653776194620 14.060513496398926 177
1653776195150 13.997344017028809 178
1653776195472 13.90101146697998 179
1653776195837 13.94582462310791 180
1653776196390 13.875126838684082 181
1653776196726 13.824020385742188 182
1653776197090 13.823240280151367 183
1653776197616 13.740437507629395 184
1653776197947 13.731253623962402 185
1653776198255 13.679434776306152 186
1653776198566 13.62387752532959 187
1653776198871 13.617888450622559 188
1653776199195 13.553581237792969 189
1653776199510 13.522072792053223 190
1653776199823 13.45076847076416 191
1653776200138 13.408808708190918 192
1653776200447 13.390743255615234 193
1653776200770 13.351346969604492 194
1653776201077 13.332562446594238 195
1653776201393 13.262054443359375 196
1653776201716 13.207454681396484 197
1653776202029 13.205221176147461 198
1653776202374 13.147409439086914 199
1653776202685 13.126201629638672 200
1653776202989 13.062935829162598 201
1653776203291 13.0343656539917 202
1653776203605 12.986654281616211 203
1653776203918 12.972705841064453 204
1653776204236 12.893854141235352 205
1653776204551 12.893336296081543 206
1653776204864 12.85202407836914 207
1653776205168 12.785392761230469 208
1653776205484 12.756258964538574 209
1653776205805 12.77153205871582 210
1653776206119 12.751825332641602 211
1653776206425 12.734086036682129 212
1653776206739 12.64488697052002 213
1653776207093 12.618599891662598 214
1653776207404 12.539234161376953 215
1653776207720 12.5389404296875 216
1653776208030 12.469172477722168 217
1653776208341 12.474947929382324 218
1653776208658 12.423151969909668 219
1653776208970 12.474581718444824 220
1653776209275 12.377696990966797 221
1653776209585 12.377914428710938 222
1653776209892 12.298161506652832 223
1653776210205 12.307473182678223 224
1653776210522 12.269082069396973 225
1653776210872 12.271406173706055 226
1653776211182 12.1699800491333 227
1653776211499 12.129673957824707 228
1653776211821 12.109930038452148 229
1653776212144 12.071390151977539 230
1653776212455 12.090466499328613 231
1653776212765 12.026017189025879 232
1653776213082 12.003619194030762 233
1653776213395 11.971790313720703 234
1653776213709 11.936114311218262 235
1653776214026 11.95138168334961 236
1653776214333 11.936192512512207 237
1653776214656 11.877462387084961 238
1653776214963 11.823732376098633 239
1653776215286 11.839156150817871 240
1653776215646 11.773245811462402 241
1653776215960 11.725996971130371 242
1653776216274 11.717978477478027 243
1653776216584 11.72791862487793 244
1653776216892 11.6786470413208 245
1653776217195 11.661032676696777 246
1653776217506 11.643424034118652 247
1653776217829 11.587483406066895 248
1653776218143 11.549585342407227 249
1653776218464 11.570201873779297 250
1653776218774 11.566680908203125 251
1653776219087 11.497572898864746 252
1653776219400 11.486495971679688 253
1653776219734 11.481311798095703 254
1653776220117 11.405279159545898 255
1653776220485 11.385684967041016 256
1653776220910 11.334527969360352 257
1653776221329 11.381085395812988 258
1653776221711 11.348116874694824 259
1653776222078 11.304197311401367 260
1653776222442 11.282076835632324 261
1653776222821 11.276067733764648 262
1653776223245 11.200319290161133 263
1653776223605 11.23042106628418 264
1653776223974 11.201345443725586 265
1653776224407 11.188474655151367 266
1653776224771 11.123716354370117 267
1653776225097 11.12170124053955 268
1653776225426 11.105003356933594 269
1653776225735 11.101608276367188 270
1653776226041 11.122673988342285 271
1653776226359 11.077858924865723 272
1653776226688 11.04389476776123 273
1653776227023 11.074031829833984 274
1653776227339 11.023551940917969 275
1653776227665 10.941572189331055 276
1653776227985 10.98021125793457 277
1653776228290 10.962210655212402 278
1653776228605 10.896979331970215 279
1653776228963 10.945178031921387 280
1653776229277 10.901124954223633 281
1653776229593 10.854930877685547 282
1653776229909 10.835201263427734 283
1653776230219 10.851956367492676 284
1653776230528 10.771475791931152 285
1653776230837 10.794220924377441 286
1653776231162 10.775383949279785 287
1653776231473 10.79447078704834 288
1653776231799 10.771577835083008 289
1653776232107 10.747437477111816 290
1653776232421 10.699753761291504 291
1653776232731 10.685884475708008 292
1653776233095 10.670226097106934 293
1653776233413 10.6952486038208 294
1653776233768 10.672922134399414 295
1653776234095 10.660398483276367 296
1653776234399 10.606411933898926 297
1653776234720 10.601219177246094 298
1653776235028 10.575915336608887 299
1653776235345 10.589950561523438 300
1653776235654 10.52161979675293 301
1653776235954 10.510658264160156 302
1653776236263 10.554191589355469 303
1653776236579 10.572171211242676 304
1653776236889 10.474859237670898 305
1653776237205 10.49707317352295 306
1653776237515 10.458069801330566 307
1653776237836 10.464982986450195 308
1653776238191 10.438323020935059 309
1653776238500 10.456945419311523 310
1653776238807 10.46342945098877 311
1653776239126 10.419134140014648 312
1653776239438 10.374369621276855 313
1653776239749 10.394146919250488 314
1653776240059 10.376445770263672 315
1653776240384 10.404457092285156 316
1653776240692 10.32528018951416 317
1653776240998 10.381390571594238 318
1653776241301 10.345879554748535 319
1653776241628 10.333081245422363 320
1653776241943 10.251708030700684 321
1653776242253 10.315912246704102 322
1653776242597 10.332423210144043 323
1653776242904 10.290146827697754 324
1653776257694 10.345879554748535 325
