1653780533730 23.01073455810547 0
1653780534907 16.16434097290039 1
1653780536132 14.082300186157227 2
1653780537322 12.341739654541016 3
1653780538556 11.385944366455078 4
1653780539757 11.224884986877441 5
1653780540949 11.82422924041748 6
1653780542160 10.588667869567871 7
1653780543342 10.139551162719727 8
1653780544529 10.005582809448242 9
1653780545746 9.866670608520508 10
1653780546957 9.886274337768555 11
1653780548162 9.55146598815918 12
1653780549513 9.470714569091797 13
1653780550745 9.42534351348877 14
1653780552129 9.357529640197754 15
1653780553481 9.285870552062988 16
1653780554793 9.251261711120605 17
1653780556186 9.278229713439941 18
1653780557529 9.41706371307373 19
1653780558772 8.972064018249512 20
1653780560195 9.021191596984863 21
1653780561354 9.106316566467285 22
1653780562567 8.908868789672852 23
1653780563839 8.928654670715332 24
1653780565088 8.814717292785645 25
1653780566468 8.759293556213379 26
1653780567697 8.861204147338867 27
1653780568902 8.858977317810059 28
1653780570192 8.708355903625488 29
1653780571493 8.688515663146973 30
1653780572635 8.812222480773926 31
1653780573777 9.076931953430176 32
1653780574896 8.785869598388672 33
1653780576317 8.650696754455566 34
1653780577567 8.653826713562012 35
1653780578815 8.462102890014648 36
1653780580061 8.437712669372559 37
1653780581318 8.527511596679688 38
1653780582557 8.460526466369629 39
1653780583878 8.553841590881348 40
1653780592492 8.688515663146973 41
