1653776342773 28.614965438842773 0
1653776343125 28.4449520111084 1
1653776343431 28.28667449951172 2
1653776343748 28.101451873779297 3
1653776344058 27.88272476196289 4
1653776344367 27.62555694580078 5
1653776344689 27.349489212036133 6
1653776345001 27.060977935791016 7
1653776345306 26.752132415771484 8
1653776345608 26.463699340820312 9
1653776345908 26.187679290771484 10
1653776346210 25.921443939208984 11
1653776346518 25.68915557861328 12
1653776346824 25.47637367248535 13
1653776347121 25.247400283813477 14
1653776347425 25.068069458007812 15
1653776347733 24.861995697021484 16
1653776348035 24.680753707885742 17
1653776348341 24.49631118774414 18
1653776348649 24.350574493408203 19
1653776348966 24.186748504638672 20
1653776349275 24.017242431640625 21
1653776349577 23.90361213684082 22
1653776349889 23.7633113861084 23
1653776350193 23.6310977935791 24
1653776350507 23.506593704223633 25
1653776350814 23.381010055541992 26
1653776351116 23.262664794921875 27
1653776351417 23.161195755004883 28
1653776351729 23.040212631225586 29
1653776352029 22.947471618652344 30
1653776352336 22.83465576171875 31
1653776352651 22.745319366455078 32
1653776352999 22.6578426361084 33
1653776353298 22.550865173339844 34
1653776353606 22.43216323852539 35
1653776353910 22.36550521850586 36
1653776354213 22.281932830810547 37
1653776354525 22.184616088867188 38
1653776354838 22.0892333984375 39
1653776355147 22.014223098754883 40
1653776355447 21.930320739746094 41
1653776355751 21.816282272338867 42
1653776356059 21.729454040527344 43
1653776356384 21.67845344543457 44
1653776356695 21.567096710205078 45
1653776356994 21.488697052001953 46
1653776357301 21.41305160522461 47
1653776357609 21.342729568481445 48
1653776357914 21.23978042602539 49
1653776358215 21.179590225219727 50
1653776358523 21.062162399291992 51
1653776358828 21.005905151367188 52
1653776359178 20.942142486572266 53
1653776359482 20.8819522857666 54
1653776359796 20.808185577392578 55
1653776360104 20.748300552368164 56
1653776360413 20.661849975585938 57
1653776360715 20.564823150634766 58
1653776361014 20.51023292541504 59
1653776361314 20.421043395996094 60
1653776361664 20.376373291015625 61
1653776361971 20.29365348815918 62
1653776362267 20.233177185058594 63
1653776362572 20.14223289489746 64
1653776362867 20.07533836364746 65
1653776363171 20.024362564086914 66
1653776363478 19.959285736083984 67
1653776363795 19.880023956298828 68
1653776364101 19.840267181396484 69
1653776364408 19.734542846679688 70
1653776364717 19.67323875427246 71
1653776365021 19.60712242126465 72
1653776365331 19.536216735839844 73
1653776365643 19.49557876586914 74
1653776365951 19.40398406982422 75
1653776366252 19.35752296447754 76
1653776366561 19.286344528198242 77
1653776366863 19.262121200561523 78
1653776367162 19.188060760498047 79
1653776367504 19.130151748657227 80
1653776367824 19.063430786132812 81
1653776368131 18.9742488861084 82
1653776368440 18.92859649658203 83
1653776368749 18.85979461669922 84
1653776369048 18.792133331298828 85
1653776369351 18.748525619506836 86
1653776369653 18.67308235168457 87
1653776369953 18.621183395385742 88
1653776370256 18.56450080871582 89
1653776370565 18.46729850769043 90
1653776370873 18.436418533325195 91
1653776371178 18.38401222229004 92
1653776371484 18.332042694091797 93
1653776371794 18.249338150024414 94
1653776372109 18.185319900512695 95
1653776372448 18.12504768371582 96
1653776372754 18.08788299560547 97
1653776373065 17.994579315185547 98
1653776373382 17.979482650756836 99
1653776373692 17.925521850585938 100
1653776374004 17.82039451599121 101
1653776374337 17.757932662963867 102
1653776374645 17.702289581298828 103
1653776374954 17.677127838134766 104
1653776375267 17.610570907592773 105
1653776375571 17.56161880493164 106
1653776375888 17.488313674926758 107
1653776376198 17.44333267211914 108
1653776376530 17.3909854888916 109
1653776376837 17.35135841369629 110
1653776377138 17.313526153564453 111
1653776377536 17.23490333557129 112
1653776377840 17.164751052856445 113
1653776378152 17.128305435180664 114
1653776378467 17.04056167602539 115
1653776378777 16.97874641418457 116
1653776379087 16.922351837158203 117
1653776379400 16.900686264038086 118
1653776379710 16.79650115966797 119
1653776380019 16.734724044799805 120
1653776380323 16.7275333404541 121
1653776380651 16.644630432128906 122
1653776380952 16.587993621826172 123
1653776381261 16.55173110961914 124
1653776381569 16.525850296020508 125
1653776381879 16.421405792236328 126
1653776382194 16.40995979309082 127
1653776382507 16.324291229248047 128
1653776382821 16.26395034790039 129
1653776383124 16.233455657958984 130
1653776383472 16.193273544311523 131
1653776383774 16.073631286621094 132
1653776384075 16.079904556274414 133
1653776384387 15.994431495666504 134
1653776384695 15.968989372253418 135
1653776385008 15.904475212097168 136
1653776385307 15.830792427062988 137
1653776385617 15.829286575317383 138
1653776385920 15.750513076782227 139
1653776386224 15.705284118652344 140
1653776386538 15.637593269348145 141
1653776386842 15.58971118927002 142
1653776387150 15.52612018585205 143
1653776387463 15.480148315429688 144
1653776387770 15.472432136535645 145
1653776388082 15.385453224182129 146
1653776388394 15.34218978881836 147
1653776388696 15.269373893737793 148
1653776389010 15.272126197814941 149
1653776389355 15.166092872619629 150
1653776389666 15.126214981079102 151
1653776389973 15.086099624633789 152
1653776390278 15.070011138916016 153
1653776390588 15.00993824005127 154
1653776390893 14.936761856079102 155
1653776391196 14.890938758850098 156
1653776391499 14.844581604003906 157
1653776391808 14.810112953186035 158
1653776392124 14.747909545898438 159
1653776392435 14.682806968688965 160
1653776392740 14.62381362915039 161
1653776393044 14.621966361999512 162
1653776393350 14.566740989685059 163
1653776393659 14.514577865600586 164
1653776394013 14.47120189666748 165
1653776394317 14.450900077819824 166
1653776394627 14.36877155303955 167
1653776394936 14.34238338470459 168
1653776395253 14.292183876037598 169
1653776395563 14.242823600769043 170
1653776395877 14.154436111450195 171
1653776396188 14.161080360412598 172
1653776396489 14.118267059326172 173
1653776396797 14.064441680908203 174
1653776397110 14.01806926727295 175
1653776397408 13.946700096130371 176
1653776397721 13.893064498901367 177
1653776398021 13.888595581054688 178
1653776398330 13.824108123779297 179
1653776398643 13.78939437866211 180
1653776398986 13.783236503601074 181
1653776399292 13.72256851196289 182
1653776399600 13.673346519470215 183
1653776399902 13.626494407653809 184
1653776400202 13.563215255737305 185
1653776400516 13.579090118408203 186
1653776400818 13.526827812194824 187
1653776401120 13.469977378845215 188
1653776401428 13.42868423461914 189
1653776401733 13.396141052246094 190
1653776402044 13.373671531677246 191
1653776402352 13.341435432434082 192
1653776402665 13.292349815368652 193
1653776402975 13.256341934204102 194
1653776403296 13.184037208557129 195
1653776403613 13.160492897033691 196
1653776403953 13.106985092163086 197
1653776404263 13.107263565063477 198
1653776404578 12.990148544311523 199
1653776404884 13.017777442932129 200
1653776405191 13.00779914855957 201
1653776405495 12.943574905395508 202
1653776405799 12.90466594696045 203
1653776406102 12.884721755981445 204
1653776406419 12.864518165588379 205
1653776406728 12.736509323120117 206
1653776407055 12.813665390014648 207
1653776407356 12.6966552734375 208
1653776407666 12.723861694335938 209
1653776407978 12.673335075378418 210
1653776408281 12.633271217346191 211
1653776408624 12.583696365356445 212
1653776408939 12.58277702331543 213
1653776409255 12.514988899230957 214
1653776409573 12.512887001037598 215
1653776409879 12.448887825012207 216
1653776410197 12.401361465454102 217
1653776410502 12.407699584960938 218
1653776410817 12.341236114501953 219
1653776411123 12.339669227600098 220
1653776411425 12.292817115783691 221
1653776411737 12.240466117858887 222
1653776412044 12.249454498291016 223
1653776412351 12.227660179138184 224
1653776412664 12.19126033782959 225
1653776412976 12.132854461669922 226
1653776413324 12.16312313079834 227
1653776413637 12.06977367401123 228
1653776413938 11.979333877563477 229
1653776414251 12.019295692443848 230
1653776414565 12.017979621887207 231
1653776414875 12.010610580444336 232
1653776415183 11.978940963745117 233
1653776415499 11.888952255249023 234
1653776415806 11.876189231872559 235
1653776416121 11.833005905151367 236
1653776416427 11.863073348999023 237
1653776416743 11.828140258789062 238
1653776417065 11.791276931762695 239
1653776417370 11.746012687683105 240
1653776417677 11.726529121398926 241
1653776418022 11.691328048706055 242
1653776418335 11.638948440551758 243
1653776418643 11.610143661499023 244
1653776418957 11.61587905883789 245
1653776419260 11.556557655334473 246
1653776419570 11.62527847290039 247
1653776419883 11.533356666564941 248
1653776420195 11.47751235961914 249
1653776420508 11.50550365447998 250
1653776420818 11.46552848815918 251
1653776421128 11.495440483093262 252
1653776421460 11.403212547302246 253
1653776421811 11.400651931762695 254
1653776422109 11.373848915100098 255
1653776422418 11.3740873336792 256
1653776422725 11.26130199432373 257
1653776423041 11.284207344055176 258
1653776423343 11.292351722717285 259
1653776423645 11.25411319732666 260
1653776423953 11.225393295288086 261
1653776424264 11.188857078552246 262
1653776424580 11.17418098449707 263
1653776424889 11.153762817382812 264
1653776425205 11.160178184509277 265
1653776425518 11.111613273620605 266
1653776425840 11.089130401611328 267
1653776426149 11.110555648803711 268
1653776426497 11.056375503540039 269
1653776426813 10.996971130371094 270
1653776427113 11.018692970275879 271
1653776427425 10.987191200256348 272
1653776427735 10.950541496276855 273
1653776428043 10.956204414367676 274
1653776428371 10.929976463317871 275
1653776428690 10.920964241027832 276
1653776428999 10.956052780151367 277
1653776429309 10.901117324829102 278
1653776429622 10.874156951904297 279
1653776429920 10.828978538513184 280
1653776430228 10.788674354553223 281
1653776430576 10.82096004486084 282
1653776430884 10.793750762939453 283
1653776431243 10.810569763183594 284
1653776431569 10.744977951049805 285
1653776431875 10.737565994262695 286
1653776432198 10.749531745910645 287
1653776432533 10.72945499420166 288
1653776432835 10.722342491149902 289
1653776433147 10.697711944580078 290
1653776433460 10.679920196533203 291
1653776433774 10.667500495910645 292
1653776434082 10.627899169921875 293
1653776434389 10.628064155578613 294
1653776434707 10.61023998260498 295
1653776435013 10.600137710571289 296
1653776435324 10.628836631774902 297
1653776435646 10.54738712310791 298
1653776435998 10.615492820739746 299
1653776436310 10.58080005645752 300
1653776436617 10.53479290008545 301
1653776436929 10.499982833862305 302
1653776437240 10.523330688476562 303
1653776437600 10.511903762817383 304
1653776437913 10.453815460205078 305
1653776438220 10.469801902770996 306
1653776438536 10.440736770629883 307
1653776438844 10.471335411071777 308
1653776439146 10.433808326721191 309
1653776439453 10.410599708557129 310
1653776439809 10.420001029968262 311
1653776440119 10.429153442382812 312
1653776440427 10.373679161071777 313
1653776440732 10.316349029541016 314
1653776441038 10.385208129882812 315
1653776441367 10.32230281829834 316
1653776441674 10.295113563537598 317
1653776441983 10.349360466003418 318
1653776442287 10.311629295349121 319
1653776442599 10.338171005249023 320
1653776442901 10.264924049377441 321
1653776443219 10.296072959899902 322
1653776443575 10.32290267944336 323
1653776443883 10.276187896728516 324
1653776444190 10.23623275756836 325
1653776444497 10.19579792022705 326
1653776444801 10.226492881774902 327
1653776445119 10.219921112060547 328
1653776445433 10.2175931930542 329
1653776460584 10.276187896728516 330
