1653786083911 0.6791349053382874 0
1653786085141 0.5966670513153076 1
1653786086447 0.5875484943389893 2
1653786087650 0.5832915902137756 3
1653786088854 0.5787622928619385 4
1653786090092 0.5771633386611938 5
1653786091360 0.5757725834846497 6
1653786092587 0.5755302309989929 7
1653786093791 0.5730401873588562 8
1653786094987 0.5711259841918945 9
1653786096325 0.5706306099891663 10
1653786097550 0.5706491470336914 11
1653786098766 0.5699700713157654 12
1653786100011 0.5686166286468506 13
1653786101266 0.5681915283203125 14
1653786102547 0.5680055022239685 15
1653786103750 0.56800377368927 16
1653786104965 0.5682550072669983 17
1653786106202 0.5672098994255066 18
1653786107449 0.5665439963340759 19
1653786108663 0.5675358772277832 20
1653786109899 0.5664429068565369 21
1653786111194 0.5667747855186462 22
1653786112435 0.5657921433448792 23
1653786113636 0.5649245977401733 24
1653786114886 0.5658239722251892 25
1653786116127 0.5674330592155457 26
1653786117422 0.5653212070465088 27
1653786118624 0.563777506351471 28
1653786119850 0.5647880434989929 29
1653786121075 0.5633180141448975 30
1653786122336 0.5618467926979065 31
1653786123543 0.5626059770584106 32
1653786124759 0.5611419677734375 33
1653786125972 0.564103901386261 34
1653786127278 0.5601896643638611 35
1653786128510 0.5610162615776062 36
1653786143217 0.5674330592155457 37
