1653770126886 28.584012985229492 0
1653770127584 28.390087127685547 1
1653770128344 28.163482666015625 2
1653770129479 27.902164459228516 3
1653770130657 27.62901496887207 4
1653770131683 27.356529235839844 5
1653770132597 27.067058563232422 6
1653770133525 26.735130310058594 7
1653770134744 26.403522491455078 8
1653770135985 26.058652877807617 9
1653770136961 25.690744400024414 10
1653770138078 25.354738235473633 11
1653770139039 25.093042373657227 12
1653770139964 24.859317779541016 13
1653770141421 24.657821655273438 14
1653770142471 24.472320556640625 15
1653770143339 24.286544799804688 16
1653770144158 24.127262115478516 17
1653770144909 23.98039436340332 18
1653770145818 23.849323272705078 19
1653770146711 23.722944259643555 20
1653770147460 23.593215942382812 21
1653770148110 23.462345123291016 22
1653770148737 23.34095001220703 23
1653770149339 23.230030059814453 24
1653770150219 23.109766006469727 25
1653770150873 22.99020004272461 26
1653770151455 22.90529441833496 27
1653770152007 22.78567886352539 28
1653770152566 22.691484451293945 29
1653770153477 22.598228454589844 30
1653770154321 22.491212844848633 31
1653770154902 22.37265396118164 32
1653770155492 22.309349060058594 33
1653770156035 22.221179962158203 34
1653770156535 22.12356948852539 35
1653770157086 22.026565551757812 36
1653770157794 21.93592071533203 37
1653770158306 21.830020904541016 38
1653770158813 21.76151466369629 39
1653770159288 21.693191528320312 40
1653770159755 21.59218406677246 41
1653770160393 21.519357681274414 42
1653770160996 21.43067741394043 43
1653770161476 21.348913192749023 44
1653770161951 21.269643783569336 45
1653770162404 21.199779510498047 46
1653770162852 21.112627029418945 47
1653770163450 21.048660278320312 48
1653770163975 20.969301223754883 49
1653770164425 20.878952026367188 50
1653770164866 20.80221176147461 51
1653770165296 20.73870849609375 52
1653770165822 20.6593074798584 53
1653770166344 20.577159881591797 54
1653770166803 20.513032913208008 55
1653770167226 20.444849014282227 56
1653770167683 20.36429214477539 57
1653770168173 20.294984817504883 58
1653770168708 20.23188591003418 59
1653770169405 20.16307258605957 60
1653770169845 20.069433212280273 61
1653770170258 20.015108108520508 62
1653770170658 19.941587448120117 63
1653770171057 19.88267707824707 64
1653770171462 19.793354034423828 65
1653770172083 19.71964454650879 66
1653770172504 19.69371223449707 67
1653770172920 19.611316680908203 68
1653770173328 19.560400009155273 69
1653770173728 19.48843765258789 70
1653770174129 19.413923263549805 71
1653770174669 19.37615394592285 72
1653770175138 19.31222915649414 73
1653770175546 19.227733612060547 74
1653770175939 19.135374069213867 75
1653770176334 19.074251174926758 76
1653770176796 19.02092933654785 77
1653770177256 18.943126678466797 78
1653770177802 18.91609001159668 79
1653770178227 18.8505859375 80
1653770178656 18.777629852294922 81
1653770179102 18.734209060668945 82
1653770179514 18.678634643554688 83
1653770179949 18.592191696166992 84
1653770180538 18.511512756347656 85
1653770180966 18.49595069885254 86
1653770181393 18.406198501586914 87
1653770181817 18.351348876953125 88
1653770182252 18.27399253845215 89
1653770182686 18.228612899780273 90
1653770183296 18.174837112426758 91
1653770183754 18.103227615356445 92
1653770184198 18.053544998168945 93
1653770184644 17.965160369873047 94
1653770185086 17.92759132385254 95
1653770185593 17.858675003051758 96
1653770186233 17.80016326904297 97
1653770186700 17.742794036865234 98
1653770187156 17.693206787109375 99
1653770187607 17.640806198120117 100
1653770188052 17.555910110473633 101
1653770188509 17.536603927612305 102
1653770189163 17.477924346923828 103
1653770189664 17.39749526977539 104
1653770190119 17.397369384765625 105
1653770190584 17.303443908691406 106
1653770191067 17.200515747070312 107
1653770191777 17.18525505065918 108
1653770192281 17.153825759887695 109
1653770192786 17.079761505126953 110
1653770193300 17.045568466186523 111
1653770193767 16.93477439880371 112
1653770194251 16.894794464111328 113
1653770194779 16.861494064331055 114
1653770195230 16.77859878540039 115
1653770195778 16.723814010620117 116
1653770196392 16.710941314697266 117
1653770196916 16.643287658691406 118
1653770197471 16.559768676757812 119
1653770198012 16.52706527709961 120
1653770198524 16.467849731445312 121
1653770199187 16.418804168701172 122
1653770199819 16.327007293701172 123
1653770200361 16.310993194580078 124
1653770200887 16.23618507385254 125
1653770201419 16.169065475463867 126
1653770201960 16.118207931518555 127
1653770202777 16.09864616394043 128
1653770203405 16.04646873474121 129
1653770203953 15.957432746887207 130
1653770204510 15.916223526000977 131
1653770205074 15.863224983215332 132
1653770205640 15.813613891601562 133
1653770206441 15.750738143920898 134
1653770207076 15.738842010498047 135
1653770207630 15.63741683959961 136
1653770208208 15.594120025634766 137
1653770208792 15.546110153198242 138
1653770209456 15.517050743103027 139
1653770210244 15.469038963317871 140
1653770210845 15.432458877563477 141
1653770211545 15.365128517150879 142
1653770212146 15.305614471435547 143
1653770212764 15.265803337097168 144
1653770213606 15.212099075317383 145
1653770214320 15.156373023986816 146
1653770214977 15.075041770935059 147
1653770215629 15.043929100036621 148
1653770216322 14.986741065979004 149
1653770216959 14.946752548217773 150
1653770217943 14.923967361450195 151
1653770218662 14.871305465698242 152
1653770219328 14.830211639404297 153
1653770220013 14.772875785827637 154
1653770220807 14.695296287536621 155
1653770221662 14.644240379333496 156
1653770222571 14.622751235961914 157
1653770223334 14.55943489074707 158
1653770224096 14.480253219604492 159
1653770224838 14.485523223876953 160
1653770225594 14.433801651000977 161
1653770226802 14.351632118225098 162
1653770227811 14.324813842773438 163
1653770228677 14.299898147583008 164
1653770229566 14.230001449584961 165
1653770230308 14.204843521118164 166
1653770231289 14.165637969970703 167
1653770232637 14.118375778198242 168
1653770234106 14.030338287353516 169
1653770235326 14.016181945800781 170
1653770236510 14.031415939331055 171
1653770237550 13.947012901306152 172
1653770238474 13.923530578613281 173
1653770239401 13.86678695678711 174
1653770240244 13.792764663696289 175
1653770241106 13.76634407043457 176
1653770242338 13.764299392700195 177
1653770243345 13.692237854003906 178
1653770244259 13.641106605529785 179
1653770245287 13.603288650512695 180
1653770246217 13.57238483428955 181
1653770247253 13.483492851257324 182
1653770248470 13.455363273620605 183
1653770249393 13.482146263122559 184
1653770250295 13.408401489257812 185
1653770251158 13.343791007995605 186
1653770252000 13.30525016784668 187
1653770253282 13.275754928588867 188
1653770254140 13.282243728637695 189
1653770254983 13.172412872314453 190
1653770255823 13.187952041625977 191
1653770256538 13.14175796508789 192
1653770257384 13.091225624084473 193
1653770258280 13.039831161499023 194
1653770258963 13.047242164611816 195
1653770259649 12.952703475952148 196
1653770260232 12.9457368850708 197
1653770260838 12.91093635559082 198
1653770261685 12.860880851745605 199
1653770262318 12.806922912597656 200
1653770262902 12.801661491394043 201
1653770263452 12.759978294372559 202
1653770264009 12.73465633392334 203
1653770264612 12.725942611694336 204
1653770265393 12.638259887695312 205
1653770265952 12.663865089416504 206
1653770266453 12.592531204223633 207
1653770266958 12.554278373718262 208
1653770267454 12.522506713867188 209
1653770267953 12.490437507629395 210
1653770268640 12.477532386779785 211
1653770269143 12.408404350280762 212
1653770269664 12.361337661743164 213
1653770270118 12.40397834777832 214
1653770270608 12.377513885498047 215
1653770271073 12.317811965942383 216
1653770271762 12.271868705749512 217
1653770272248 12.277116775512695 218
1653770272734 12.231925010681152 219
1653770273246 12.1458158493042 220
1653770273681 12.155576705932617 221
1653770274287 12.086141586303711 222
1653770274804 12.075387001037598 223
1653770275258 12.084999084472656 224
1653770275700 12.008763313293457 225
1653770276314 11.983917236328125 226
1653770276786 11.94629955291748 227
1653770277197 11.96149730682373 228
1653770277600 11.881843566894531 229
1653770278004 11.860664367675781 230
1653770278407 11.878132820129395 231
1653770278977 11.832642555236816 232
1653770279447 11.810712814331055 233
1653770279909 11.797636032104492 234
1653770280344 11.796399116516113 235
1653770280774 11.696120262145996 236
1653770281175 11.706083297729492 237
1653770281642 11.718835830688477 238
1653770282134 11.688158988952637 239
1653770282541 11.623236656188965 240
1653770282942 11.57777214050293 241
1653770283334 11.569060325622559 242
1653770283719 11.523139953613281 243
1653770284124 11.565534591674805 244
1653770284708 11.500404357910156 245
1653770285119 11.448019027709961 246
1653770285575 11.459466934204102 247
1653770285979 11.423257827758789 248
1653770286384 11.452282905578613 249
1653770286795 11.379655838012695 250
1653770287371 11.375922203063965 251
1653770287794 11.382319450378418 252
1653770288208 11.315576553344727 253
1653770288613 11.276487350463867 254
1653770289045 11.270995140075684 255
1653770289448 11.22669506072998 256
1653770290030 11.203092575073242 257
1653770290484 11.205913543701172 258
1653770290912 11.209113121032715 259
1653770291318 11.159602165222168 260
1653770291726 11.172080039978027 261
1653770292222 11.134613037109375 262
1653770292769 11.103668212890625 263
1653770293289 11.093727111816406 264
1653770293727 11.048048973083496 265
1653770294167 10.989992141723633 266
1653770294600 11.037605285644531 267
1653770295044 11.021105766296387 268
1653770295528 11.0028657913208 269
1653770296119 10.979954719543457 270
1653770296580 10.941672325134277 271
1653770297005 10.904989242553711 272
1653770297435 10.964879035949707 273
1653770297880 10.895827293395996 274
1653770298335 10.86872673034668 275
1653770299058 10.882078170776367 276
1653770299569 10.893206596374512 277
1653770300044 10.792365074157715 278
1653770300523 10.828248023986816 279
1653770300928 10.796895980834961 280
1653770301343 10.780170440673828 281
1653770301755 10.766924858093262 282
1653770302405 10.752825736999512 283
1653770302938 10.768671989440918 284
1653770303413 10.712712287902832 285
1653770303966 10.691534996032715 286
1653770304595 10.650750160217285 287
1653770305106 10.683542251586914 288
1653770305640 10.669364929199219 289
1653770306190 10.605175018310547 290
1653770306687 10.611834526062012 291
1653770307173 10.59257698059082 292
1653770307914 10.590147972106934 293
1653770308459 10.563319206237793 294
1653770308968 10.638574600219727 295
1653770309475 10.521920204162598 296
1653770309983 10.52822208404541 297
1653770310493 10.545530319213867 298
1653770311269 10.472627639770508 299
1653770311807 10.515413284301758 300
1653770312333 10.464029312133789 301
1653770312842 10.480508804321289 302
1653770313389 10.505021095275879 303
1653770314066 10.434412956237793 304
1653770314795 10.427700996398926 305
1653770315346 10.433192253112793 306
1653770315888 10.442482948303223 307
1653770316439 10.411555290222168 308
1653770317006 10.407342910766602 309
1653770317816 10.361968040466309 310
1653770318501 10.411335945129395 311
1653770319104 10.357189178466797 312
1653770319692 10.327066421508789 313
1653770320280 10.33479118347168 314
1653770320955 10.344047546386719 315
1653770365162 10.361968040466309 316
