1653775448501 28.49361228942871 0
1653775448820 28.289796829223633 1
1653775449204 28.069482803344727 2
1653775449516 27.831907272338867 3
1653775449816 27.58051300048828 4
1653775450112 27.30777931213379 5
1653775450461 27.016883850097656 6
1653775450756 26.716812133789062 7
1653775451190 26.393770217895508 8
1653775451509 26.07685661315918 9
1653775451828 25.7705078125 10
1653775452141 25.46194839477539 11
1653775452445 25.195249557495117 12
1653775452761 24.96122932434082 13
1653775453061 24.748291015625 14
1653775453368 24.55433464050293 15
1653775453677 24.385292053222656 16
1653775453981 24.208271026611328 17
1653775454326 24.070316314697266 18
1653775454646 23.91658592224121 19
1653775454941 23.79170036315918 20
1653775455241 23.67142105102539 21
1653775455586 23.547286987304688 22
1653775455915 23.402400970458984 23
1653775456224 23.301414489746094 24
1653775456527 23.196598052978516 25
1653775456832 23.073816299438477 26
1653775457135 22.980224609375 27
1653775457448 22.883901596069336 28
1653775457761 22.781579971313477 29
1653775458060 22.683387756347656 30
1653775458360 22.587848663330078 31
1653775458665 22.508285522460938 32
1653775458966 22.401168823242188 33
1653775459266 22.31354522705078 34
1653775459575 22.218366622924805 35
1653775459876 22.145122528076172 36
1653775460181 22.034055709838867 37
1653775460485 21.952680587768555 38
1653775460790 21.87865447998047 39
1653775461093 21.802978515625 40
1653775461396 21.717384338378906 41
1653775461703 21.622947692871094 42
1653775462032 21.550798416137695 43
1653775462337 21.47687530517578 44
1653775462645 21.399688720703125 45
1653775462952 21.321083068847656 46
1653775463256 21.222820281982422 47
1653775463555 21.172950744628906 48
1653775463864 21.093149185180664 49
1653775464167 20.993446350097656 50
1653775464470 20.941431045532227 51
1653775464823 20.86043357849121 52
1653775465124 20.79305648803711 53
1653775465436 20.717470169067383 54
1653775465746 20.658180236816406 55
1653775466050 20.579301834106445 56
1653775466351 20.508787155151367 57
1653775466650 20.447755813598633 58
1653775466955 20.345470428466797 59
1653775467258 20.288209915161133 60
1653775467568 20.23847198486328 61
1653775467875 20.190813064575195 62
1653775468174 20.112119674682617 63
1653775468479 20.037612915039062 64
1653775468801 19.965471267700195 65
1653775469121 19.923181533813477 66
1653775469452 19.842266082763672 67
1653775469765 19.74677085876465 68
1653775470071 19.68375015258789 69
1653775470417 19.637401580810547 70
1653775470726 19.574485778808594 71
1653775471038 19.541730880737305 72
1653775471353 19.442106246948242 73
1653775471668 19.421768188476562 74
1653775471994 19.30832862854004 75
1653775472292 19.232961654663086 76
1653775472617 19.17025375366211 77
1653775472941 19.139677047729492 78
1653775473267 19.06680679321289 79
1653775473571 19.058094024658203 80
1653775473886 18.943647384643555 81
1653775474197 18.889799118041992 82
1653775474502 18.817073822021484 83
1653775474808 18.7377872467041 84
1653775475110 18.692859649658203 85
1653775475414 18.654529571533203 86
1653775475723 18.567203521728516 87
1653775476035 18.52787971496582 88
1653775476333 18.4738826751709 89
1653775476642 18.394561767578125 90
1653775476985 18.344146728515625 91
1653775477285 18.29533576965332 92
1653775477645 18.2147216796875 93
1653775477953 18.090044021606445 94
1653775478260 18.077789306640625 95
1653775478580 18.02569007873535 96
1653775478887 17.994430541992188 97
1653775479191 17.910507202148438 98
1653775479495 17.8306827545166 99
1653775479807 17.816205978393555 100
1653775480126 17.74595832824707 101
1653775480435 17.65406036376953 102
1653775480744 17.63373565673828 103
1653775481044 17.542774200439453 104
1653775481353 17.498918533325195 105
1653775481658 17.48823356628418 106
1653775481970 17.418142318725586 107
1653775482268 17.320568084716797 108
1653775482576 17.28534698486328 109
1653775482913 17.2526912689209 110
1653775483218 17.185256958007812 111
1653775483525 17.12094497680664 112
1653775483832 17.06199836730957 113
1653775484134 16.9752140045166 114
1653775484444 16.965557098388672 115
1653775484749 16.883129119873047 116
1653775485059 16.830005645751953 117
1653775485362 16.810163497924805 118
1653775485670 16.72781753540039 119
1653775485970 16.672182083129883 120
1653775486273 16.578720092773438 121
1653775486583 16.56244468688965 122
1653775486884 16.52721405029297 123
1653775487191 16.453968048095703 124
1653775487498 16.394508361816406 125
1653775487804 16.34465789794922 126
1653775488107 16.309879302978516 127
1653775488410 16.231298446655273 128
1653775488757 16.186182022094727 129
1653775489064 16.13472557067871 130
1653775489373 16.066938400268555 131
1653775489688 15.997681617736816 132
1653775489991 15.987138748168945 133
1653775490297 15.910764694213867 134
1653775490612 15.859048843383789 135
1653775490917 15.822242736816406 136
1653775491225 15.717840194702148 137
1653775491528 15.698166847229004 138
1653775491837 15.645825386047363 139
1653775492138 15.612780570983887 140
1653775492445 15.538196563720703 141
1653775492758 15.482540130615234 142
1653775493061 15.448390007019043 143
1653775493365 15.414346694946289 144
1653775493713 15.37485408782959 145
1653775494019 15.265660285949707 146
1653775494331 15.257567405700684 147
1653775494644 15.204145431518555 148
1653775494952 15.166950225830078 149
1653775495261 15.100658416748047 150
1653775495560 15.012154579162598 151
1653775495869 14.995453834533691 152
1653775496170 14.952044486999512 153
1653775496481 14.928141593933105 154
1653775496785 14.856392860412598 155
1653775497091 14.78380012512207 156
1653775497394 14.710854530334473 157
1653775497712 14.710640907287598 158
1653775498023 14.668381690979004 159
1653775498326 14.586095809936523 160
1653775498678 14.567964553833008 161
1653775498987 14.508445739746094 162
1653775499292 14.493712425231934 163
1653775499597 14.398454666137695 164
1653775499904 14.364019393920898 165
1653775500206 14.365116119384766 166
1653775500510 14.260445594787598 167
1653775500814 14.264513969421387 168
1653775501122 14.2147855758667 169
1653775501427 14.168366432189941 170
1653775501738 14.093585968017578 171
1653775502050 14.1080322265625 172
1653775502358 13.994918823242188 173
1653775502672 13.95152473449707 174
1653775502980 13.909769058227539 175
1653775503379 13.913202285766602 176
1653775503737 13.861016273498535 177
1653775504167 13.830263137817383 178
1653775504570 13.814406394958496 179
1653775504928 13.741704940795898 180
1653775505330 13.747111320495605 181
1653775505717 13.604081153869629 182
1653775506107 13.586756706237793 183
1653775506434 13.536643028259277 184
1653775506751 13.516060829162598 185
1653775507073 13.491968154907227 186
1653775507388 13.4716796875 187
1653775507702 13.404199600219727 188
1653775508013 13.351247787475586 189
1653775508379 13.350581169128418 190
1653775508699 13.305130958557129 191
1653775509014 13.249338150024414 192
1653775509340 13.242606163024902 193
1653775509658 13.162766456604004 194
1653775509964 13.154781341552734 195
1653775510283 13.082059860229492 196
1653775510601 13.097777366638184 197
1653775510920 13.02194595336914 198
1653775511231 12.98587703704834 199
1653775511544 12.952491760253906 200
1653775511859 12.964303016662598 201
1653775512165 12.899171829223633 202
1653775512480 12.857008934020996 203
1653775512834 12.805864334106445 204
1653775513167 12.788626670837402 205
1653775513489 12.723129272460938 206
1653775513818 12.679323196411133 207
1653775514149 12.640019416809082 208
1653775514465 12.634504318237305 209
1653775514785 12.629103660583496 210
1653775515099 12.555459976196289 211
1653775515413 12.489895820617676 212
1653775515737 12.532756805419922 213
1653775516056 12.453587532043457 214
1653775516360 12.452132225036621 215
1653775516677 12.40726375579834 216
1653775516997 12.380993843078613 217
1653775517313 12.344735145568848 218
1653775517673 12.314725875854492 219
1653775517989 12.291976928710938 220
1653775518315 12.22417163848877 221
1653775518635 12.189258575439453 222
1653775518950 12.189675331115723 223
1653775519269 12.15476131439209 224
1653775519576 12.106437683105469 225
1653775519897 12.076736450195312 226
1653775520215 12.04861831665039 227
1653775520542 12.02912712097168 228
1653775520848 12.001764297485352 229
1653775521163 11.991585731506348 230
1653775521471 11.98360824584961 231
1653775521788 11.878509521484375 232
1653775522150 11.907471656799316 233
1653775522467 11.849589347839355 234
1653775522784 11.82542896270752 235
1653775523101 11.803327560424805 236
1653775523417 11.79374885559082 237
1653775523737 11.764824867248535 238
1653775524069 11.735308647155762 239
1653775524379 11.705439567565918 240
1653775524701 11.63288402557373 241
1653775525016 11.664970397949219 242
1653775525335 11.656770706176758 243
1653775525658 11.60146427154541 244
1653775525962 11.588550567626953 245
1653775526281 11.533334732055664 246
1653775526600 11.539815902709961 247
1653775526954 11.531207084655762 248
1653775527282 11.517711639404297 249
1653775527596 11.441370010375977 250
1653775527902 11.429231643676758 251
1653775528227 11.374505043029785 252
1653775528543 11.410999298095703 253
1653775528855 11.325260162353516 254
1653775529181 11.31270694732666 255
1653775529496 11.333422660827637 256
1653775529813 11.265653610229492 257
1653775530137 11.292381286621094 258
1653775530453 11.22369384765625 259
1653775530769 11.229823112487793 260
1653775531081 11.231341361999512 261
1653775531397 11.185351371765137 262
1653775531762 11.152043342590332 263
1653775532094 11.115177154541016 264
1653775532400 11.111214637756348 265
1653775532726 11.089387893676758 266
1653775533050 11.094779968261719 267
1653775533362 11.051260948181152 268
1653775533676 11.069642066955566 269
1653775533991 11.018460273742676 270
1653775534307 11.007329940795898 271
1653775534624 11.020313262939453 272
1653775534932 10.941360473632812 273
1653775535247 10.946805953979492 274
1653775535563 10.937806129455566 275
1653775535897 10.917634010314941 276
1653775536258 10.899234771728516 277
1653775536584 10.896586418151855 278
1653775536905 10.82922077178955 279
1653775537225 10.807583808898926 280
1653775537587 10.848803520202637 281
1653775537907 10.802651405334473 282
1653775538218 10.797798156738281 283
1653775538551 10.773940086364746 284
1653775538875 10.787031173706055 285
1653775539194 10.748433113098145 286
1653775539509 10.719568252563477 287
1653775539829 10.663285255432129 288
1653775540143 10.657806396484375 289
1653775540455 10.660619735717773 290
1653775540769 10.666906356811523 291
1653775541134 10.6243314743042 292
1653775541459 10.645597457885742 293
1653775541792 10.603920936584473 294
1653775542110 10.625572204589844 295
1653775542427 10.618881225585938 296
1653775542745 10.582752227783203 297
1653775543056 10.560447692871094 298
1653775543368 10.576427459716797 299
1653775543680 10.500309944152832 300
1653775543993 10.546516418457031 301
1653775544310 10.550888061523438 302
1653775544633 10.560663223266602 303
1653775544962 10.470053672790527 304
1653775545283 10.451991081237793 305
1653775545645 10.453767776489258 306
1653775545956 10.439224243164062 307
1653775546267 10.461158752441406 308
1653775546591 10.412911415100098 309
1653775565184 10.470053672790527 310
