1653782561150 0.7528484463691711 0
1653782562298 0.6845827698707581 1
1653782563405 0.6384740471839905 2
1653782564522 0.6222968697547913 3
1653782565605 0.6118442416191101 4
1653782566737 0.6071563959121704 5
1653782567857 0.5981096625328064 6
1653782568963 0.5993526577949524 7
1653782570048 0.5986620783805847 8
1653782571155 0.5932996273040771 9
1653782572245 0.5880655646324158 10
1653782573348 0.5893667340278625 11
1653782574409 0.5926386117935181 12
1653782575499 0.5832982063293457 13
1653782576645 0.5929481387138367 14
1653782577987 0.5813390016555786 15
1653782579374 0.5875704884529114 16
1653782580717 0.5800623297691345 17
1653782582033 0.5814987421035767 18
1653782583284 0.5783618688583374 19
1653782584516 0.581095278263092 20
1653782593862 0.5880655646324158 21
