1653779962815 26.810997009277344 0
1653779964081 23.267349243164062 1
1653779965312 21.218996047973633 2
1653779966522 19.912691116333008 3
1653779967777 18.870454788208008 4
1653779969029 18.0310001373291 5
1653779970245 17.306808471679688 6
1653779971468 16.651199340820312 7
1653779972683 16.01943016052246 8
1653779973959 15.473353385925293 9
1653779975213 14.889532089233398 10
1653779976422 14.416457176208496 11
1653779977670 13.931506156921387 12
1653779978914 13.481258392333984 13
1653779980114 13.0492525100708 14
1653779981310 12.690200805664062 15
1653779982511 12.295622825622559 16
1653779983777 11.96496868133545 17
1653779984996 11.666519165039062 18
1653779986223 11.385109901428223 19
1653779987463 11.163884162902832 20
1653779988676 10.957307815551758 21
1653779989910 10.782485008239746 22
1653779991114 10.612726211547852 23
1653779992311 10.502700805664062 24
1653779993567 10.374265670776367 25
1653779994801 10.271378517150879 26
1653779995995 10.192811965942383 27
1653779997214 10.141194343566895 28
1653779998418 10.08290958404541 29
1653779999672 10.00947380065918 30
1653780000927 9.997296333312988 31
1653780002157 9.955885887145996 32
1653780003371 9.906229972839355 33
1653780004624 9.883964538574219 34
1653780005829 9.876415252685547 35
1653780007022 9.85090160369873 36
1653780008217 9.88035774230957 37
1653780009505 9.849164009094238 38
1653780010742 9.846033096313477 39
1653780011953 9.855835914611816 40
1653780013163 9.818819999694824 41
1653780014396 9.852606773376465 42
1653780015612 9.818310737609863 43
1653780016817 9.815458297729492 44
1653780018094 9.819498062133789 45
1653780019310 9.814718246459961 46
1653780020595 9.814844131469727 47
1653780021812 9.81805419921875 48
1653780023011 9.821554183959961 49
1653780024235 9.807208061218262 50
1653780025508 9.81088924407959 51
1653780026716 9.807380676269531 52
1653780027923 9.816704750061035 53
1653780029135 9.81820297241211 54
1653780030398 9.834548950195312 55
1653780031607 9.797511100769043 56
1653780032819 9.806840896606445 57
1653780034043 9.801248550415039 58
1653780035333 9.815030097961426 59
1653780036542 9.823687553405762 60
1653780037831 9.8104887008667 61
1653780039019 9.83234977722168 62
1653780040278 9.806756973266602 63
1653780041547 9.79415225982666 64
1653780042748 9.777112007141113 65
1653780043940 9.765957832336426 66
1653780045167 9.807823181152344 67
1653780046388 9.823271751403809 68
1653780047585 9.809574127197266 69
1653780048799 9.806556701660156 70
1653780050051 9.82657527923584 71
1653780051333 9.803178787231445 72
1653780052530 9.822784423828125 73
1653780053745 9.865203857421875 74
1653780055095 9.845520973205566 75
1653780056384 9.842928886413574 76
1653780057592 9.818467140197754 77
1653780058793 9.786240577697754 78
1653780060161 9.793217658996582 79
1653780061352 9.835532188415527 80
1653780062588 9.802719116210938 81
1653780063837 9.800360679626465 82
1653780065074 9.80722713470459 83
1653780078446 9.822784423828125 84
