1653788168222 0.6791349053382874 0
1653788169438 0.5966670513153076 1
1653788170721 0.5875484943389893 2
1653788171948 0.5832915902137756 3
1653788173135 0.5787622928619385 4
1653788174640 0.5771633386611938 5
1653788176248 0.5757725834846497 6
1653788177689 0.5755302309989929 7
1653788179071 0.5730401873588562 8
1653788180606 0.5711259841918945 9
1653788182167 0.5706306099891663 10
1653788183527 0.5706491470336914 11
1653788184906 0.5699700713157654 12
1653788186429 0.5686166286468506 13
1653788187716 0.5681915283203125 14
1653788188834 0.5680055022239685 15
1653788189987 0.56800377368927 16
1653788191116 0.5682550072669983 17
1653788192447 0.5672098994255066 18
1653788193732 0.5665439963340759 19
1653788194962 0.5675358772277832 20
1653788196259 0.5664429068565369 21
1653788197549 0.5667747855186462 22
1653788198816 0.5657921433448792 23
1653788200051 0.5649245977401733 24
1653788201281 0.5658239722251892 25
1653788202600 0.5674330592155457 26
1653788203840 0.5653212070465088 27
1653788205077 0.563777506351471 28
1653788206305 0.5647880434989929 29
1653788207510 0.5633180141448975 30
1653788208824 0.5618467926979065 31
1653788210077 0.5626059770584106 32
1653788211321 0.5611419677734375 33
1653788212562 0.564103901386261 34
1653788213872 0.5601896643638611 35
1653788215130 0.5610162615776062 36
1653788230312 0.5674330592155457 37
1653788232342 7.397914591906727 0
