1653782231463 0.7528484463691711 0
1653782232741 0.6845827698707581 1
1653782233972 0.6384740471839905 2
1653782235230 0.6222968697547913 3
1653782236475 0.6118442416191101 4
1653782237735 0.6071563959121704 5
1653782238936 0.5981096625328064 6
1653782240122 0.5993526577949524 7
1653782241403 0.5986620783805847 8
1653782242611 0.5932996273040771 9
1653782243941 0.5880655646324158 10
1653782245336 0.5893667340278625 11
1653782246641 0.5926386117935181 12
1653782248080 0.5832982063293457 13
1653782249465 0.5929481387138367 14
1653782250817 0.5813390016555786 15
1653782252042 0.5875704884529114 16
1653782253281 0.5800623297691345 17
1653782254433 0.5814987421035767 18
1653782255587 0.5783618688583374 19
1653782256956 0.581095278263092 20
1653782265647 0.5880655646324158 21
