1653825858170 0.6791349053382874 0
1653825859449 0.5966670513153076 1
1653825860820 0.5875484943389893 2
1653825862209 0.5832915902137756 3
1653825863555 0.5787622928619385 4
1653825864995 0.5771633386611938 5
1653825866712 0.5757725834846497 6
1653825868186 0.5755302309989929 7
1653825869573 0.5730401873588562 8
1653825870816 0.5711259841918945 9
1653825872110 0.5706306099891663 10
1653825873412 0.5706491470336914 11
1653825874687 0.5699700713157654 12
1653825875993 0.5686166286468506 13
1653825877437 0.5681915283203125 14
1653825878750 0.5680055022239685 15
1653825880110 0.56800377368927 16
1653825881334 0.5682550072669983 17
1653825882572 0.5672098994255066 18
1653825883808 0.5665439963340759 19
1653825885141 0.5675358772277832 20
1653825886420 0.5664429068565369 21
1653825887686 0.5667747855186462 22
1653825889300 0.5657921433448792 23
1653825890713 0.5649245977401733 24
1653825892034 0.5658239722251892 25
1653825893373 0.5674330592155457 26
1653825894759 0.5653212070465088 27
1653825896139 0.563777506351471 28
1653825897420 0.5647880434989929 29
1653825898826 0.5633180141448975 30
1653825900230 0.5618467926979065 31
1653825901620 0.5626059770584106 32
1653825903041 0.5611419677734375 33
1653825904469 0.564103901386261 34
1653825905904 0.5601896643638611 35
1653825907387 0.5610162615776062 36
1653825927900 0.5674330592155457 37
