1653788830800 0.6791349053382874 0
1653788832014 0.5966670513153076 1
1653788833210 0.5875484943389893 2
1653788834417 0.5832915902137756 3
1653788835604 0.5787622928619385 4
1653788836782 0.5771633386611938 5
1653788837969 0.5757725834846497 6
1653788839228 0.5755302309989929 7
1653788840399 0.5730401873588562 8
1653788841568 0.5711259841918945 9
1653788842752 0.5706306099891663 10
1653788843913 0.5706491470336914 11
1653788845094 0.5699700713157654 12
1653788846344 0.5686166286468506 13
1653788847493 0.5681915283203125 14
1653788848722 0.5680055022239685 15
1653788849977 0.56800377368927 16
1653788851231 0.5682550072669983 17
1653788852431 0.5672098994255066 18
1653788853638 0.5665439963340759 19
1653788854844 0.5675358772277832 20
1653788856039 0.5664429068565369 21
1653788857280 0.5667747855186462 22
1653788858428 0.5657921433448792 23
1653788859601 0.5649245977401733 24
1653788860860 0.5658239722251892 25
1653788862090 0.5674330592155457 26
1653788863407 0.5653212070465088 27
1653788864579 0.563777506351471 28
1653788865820 0.5647880434989929 29
1653788867009 0.5633180141448975 30
1653788868294 0.5618467926979065 31
1653788869451 0.5626059770584106 32
1653788870618 0.5611419677734375 33
1653788871833 0.564103901386261 34
1653788872994 0.5601896643638611 35
1653788874180 0.5610162615776062 36
1653788887537 0.5674330592155457 37
