1653779816088 26.810997009277344 0
1653779817346 23.267349243164062 1
1653779818614 21.218996047973633 2
1653779819799 19.912691116333008 3
1653779820979 18.870454788208008 4
1653779822176 18.0310001373291 5
1653779823523 17.306808471679688 6
1653779824738 16.651199340820312 7
1653779825936 16.01943016052246 8
1653779827185 15.473353385925293 9
1653779828374 14.889532089233398 10
1653779829545 14.416457176208496 11
1653779830716 13.931506156921387 12
1653779831937 13.481258392333984 13
1653779833154 13.0492525100708 14
1653779834539 12.690200805664062 15
1653779835822 12.295622825622559 16
1653779837255 11.96496868133545 17
1653779838512 11.666519165039062 18
1653779839689 11.385109901428223 19
1653779840914 11.163884162902832 20
1653779842094 10.957307815551758 21
1653779843270 10.782485008239746 22
1653779844481 10.612726211547852 23
1653779845703 10.502700805664062 24
1653779846867 10.374265670776367 25
1653779848036 10.271378517150879 26
1653779849205 10.192811965942383 27
1653779850398 10.141194343566895 28
1653779851586 10.08290958404541 29
1653779852795 10.00947380065918 30
1653779853968 9.997296333312988 31
1653779855136 9.955885887145996 32
1653779856362 9.906229972839355 33
1653779857598 9.883964538574219 34
1653779858769 9.876415252685547 35
1653779859944 9.85090160369873 36
1653779861170 9.88035774230957 37
1653779862391 9.849164009094238 38
1653779863554 9.846033096313477 39
1653779864704 9.855835914611816 40
1653779865865 9.818819999694824 41
1653779867074 9.852606773376465 42
1653779868277 9.818310737609863 43
1653779869455 9.815458297729492 44
1653779870619 9.819498062133789 45
1653779871806 9.814718246459961 46
1653779873002 9.814844131469727 47
1653779874185 9.81805419921875 48
1653779875351 9.821554183959961 49
1653779876522 9.807208061218262 50
1653779877774 9.81088924407959 51
1653779878943 9.807380676269531 52
1653779880121 9.816704750061035 53
1653779881290 9.81820297241211 54
1653779882509 9.834548950195312 55
1653779883678 9.797511100769043 56
1653779884860 9.806840896606445 57
1653779886099 9.801248550415039 58
1653779887312 9.815030097961426 59
1653779888506 9.823687553405762 60
1653779889688 9.8104887008667 61
1653779890854 9.83234977722168 62
1653779892029 9.806756973266602 63
1653779893276 9.79415225982666 64
1653779894458 9.777112007141113 65
1653779895636 9.765957832336426 66
1653779896809 9.807823181152344 67
1653779898015 9.823271751403809 68
1653779899178 9.809574127197266 69
1653779900358 9.806556701660156 70
1653779901521 9.82657527923584 71
1653779902763 9.803178787231445 72
1653779903958 9.822784423828125 73
1653779905139 9.865203857421875 74
1653779906327 9.845520973205566 75
1653779907508 9.842928886413574 76
1653779908714 9.818467140197754 77
1653779909899 9.786240577697754 78
1653779922589 9.822784423828125 79
