1653776749147 28.509376525878906 0
1653776749482 28.360626220703125 1
1653776749854 28.20681381225586 2
1653776750182 28.01421546936035 3
1653776750510 27.770641326904297 4
1653776750832 27.449556350708008 5
1653776751150 27.094715118408203 6
1653776751480 26.709802627563477 7
1653776751810 26.345211029052734 8
1653776752123 25.986886978149414 9
1653776752460 25.70393943786621 10
1653776752778 25.44906234741211 11
1653776753122 25.207487106323242 12
1653776753490 25.00804901123047 13
1653776753818 24.831174850463867 14
1653776754139 24.670841217041016 15
1653776754465 24.512939453125 16
1653776754780 24.349943161010742 17
1653776755096 24.191389083862305 18
1653776755425 24.04380226135254 19
1653776755787 23.91676139831543 20
1653776756106 23.78652572631836 21
1653776756426 23.649490356445312 22
1653776756745 23.529783248901367 23
1653776757064 23.432628631591797 24
1653776757379 23.305397033691406 25
1653776757757 23.18988609313965 26
1653776758172 23.07850456237793 27
1653776758560 22.981786727905273 28
1653776758937 22.841596603393555 29
1653776759288 22.754079818725586 30
1653776759661 22.664749145507812 31
1653776759981 22.562593460083008 32
1653776760338 22.465755462646484 33
1653776760674 22.350528717041016 34
1653776761000 22.269729614257812 35
1653776761319 22.173931121826172 36
1653776761645 22.062498092651367 37
1653776761964 21.99454689025879 38
1653776762288 21.89992332458496 39
1653776762654 21.7939395904541 40
1653776762977 21.714704513549805 41
1653776763294 21.638206481933594 42
1653776763623 21.550477981567383 43
1653776763945 21.47629165649414 44
1653776764276 21.383602142333984 45
1653776764596 21.289464950561523 46
1653776764912 21.22663116455078 47
1653776765223 21.152151107788086 48
1653776765547 21.074308395385742 49
1653776765866 20.969629287719727 50
1653776766185 20.910768508911133 51
1653776766504 20.83183479309082 52
1653776766823 20.75294303894043 53
1653776767143 20.68369483947754 54
1653776767467 20.57830810546875 55
1653776767786 20.5541934967041 56
1653776768107 20.466461181640625 57
1653776768423 20.384315490722656 58
1653776768781 20.3214168548584 59
1653776769098 20.21923065185547 60
1653776769427 20.17163848876953 61
1653776769746 20.103105545043945 62
1653776770065 20.055212020874023 63
1653776770383 19.972171783447266 64
1653776770708 19.849435806274414 65
1653776771029 19.819673538208008 66
1653776771346 19.743629455566406 67
1653776771669 19.680341720581055 68
1653776771988 19.594253540039062 69
1653776772306 19.560014724731445 70
1653776772635 19.469093322753906 71
1653776772973 19.43106460571289 72
1653776773289 19.363943099975586 73
1653776773606 19.297672271728516 74
1653776773920 19.20957374572754 75
1653776774237 19.153146743774414 76
1653776774556 19.087696075439453 77
1653776774880 19.011476516723633 78
1653776775197 18.972076416015625 79
1653776775526 18.88644027709961 80
1653776775896 18.848318099975586 81
1653776776226 18.787038803100586 82
1653776776542 18.737361907958984 83
1653776776861 18.63869857788086 84
1653776777177 18.608327865600586 85
1653776777509 18.541179656982422 86
1653776777825 18.44805335998535 87
1653776778142 18.41603660583496 88
1653776778465 18.35918617248535 89
1653776778788 18.315824508666992 90
1653776779109 18.233245849609375 91
1653776779434 18.1678409576416 92
1653776779757 18.117599487304688 93
1653776780082 18.07807159423828 94
1653776780408 17.989376068115234 95
1653776780729 17.9263916015625 96
1653776781054 17.865036010742188 97
1653776781375 17.7868595123291 98
1653776781728 17.759687423706055 99
1653776782040 17.679609298706055 100
1653776782357 17.618356704711914 101
1653776782690 17.61710548400879 102
1653776783008 17.539073944091797 103
1653776783328 17.461063385009766 104
1653776783651 17.424726486206055 105
1653776783968 17.35210418701172 106
1653776784284 17.306005477905273 107
1653776784606 17.25762176513672 108
1653776784932 17.162992477416992 109
1653776785246 17.122222900390625 110
1653776785570 17.07149887084961 111
1653776785894 16.982473373413086 112
1653776786213 16.928659439086914 113
1653776786541 16.885028839111328 114
1653776786855 16.831605911254883 115
1653776787180 16.743328094482422 116
1653776787546 16.722108840942383 117
1653776787869 16.628488540649414 118
1653776788192 16.59043312072754 119
1653776788508 16.56671142578125 120
1653776788828 16.509559631347656 121
1653776789149 16.45347023010254 122
1653776789467 16.410930633544922 123
1653776789796 16.384592056274414 124
1653776790116 16.314123153686523 125
1653776790437 16.255224227905273 126
1653776790753 16.199283599853516 127
1653776791078 16.138635635375977 128
1653776791401 16.04407501220703 129
1653776791727 16.04534149169922 130
1653776792051 15.957563400268555 131
1653776792375 15.88968563079834 132
1653776792700 15.872722625732422 133
1653776793017 15.800980567932129 134
1653776793339 15.786064147949219 135
1653776793712 15.699270248413086 136
1653776794035 15.63219928741455 137
1653776794357 15.613821983337402 138
1653776794676 15.531580924987793 139
1653776794997 15.52492904663086 140
1653776795320 15.426812171936035 141
1653776795632 15.421769142150879 142
1653776795950 15.361294746398926 143
1653776796278 15.28542423248291 144
1653776796598 15.218399047851562 145
1653776796911 15.169462203979492 146
1653776797236 15.103646278381348 147
1653776797621 15.119437217712402 148
1653776797941 15.03724479675293 149
1653776798263 14.955233573913574 150
1653776798625 14.948501586914062 151
1653776798941 14.882075309753418 152
1653776799267 14.868953704833984 153
1653776799589 14.77938461303711 154
1653776799914 14.777820587158203 155
1653776800233 14.709457397460938 156
1653776800554 14.620731353759766 157
1653776800872 14.596824645996094 158
1653776801185 14.559088706970215 159
1653776801506 14.499801635742188 160
1653776801818 14.433785438537598 161
1653776802143 14.393853187561035 162
1653776802465 14.372023582458496 163
1653776802787 14.33071231842041 164
1653776803143 14.260313987731934 165
1653776803464 14.227455139160156 166
1653776803785 14.183938980102539 167
1653776804102 14.173731803894043 168
1653776804431 14.106572151184082 169
1653776804757 14.06942081451416 170
1653776805071 13.994873046875 171
1653776805398 14.019850730895996 172
1653776805715 13.925454139709473 173
1653776806034 13.837181091308594 174
1653776806355 13.848259925842285 175
1653776806679 13.807897567749023 176
1653776807000 13.749217987060547 177
1653776807324 13.711861610412598 178
1653776807648 13.671429634094238 179
1653776808025 13.64249324798584 180
1653776808343 13.594767570495605 181
1653776808666 13.525765419006348 182
1653776808993 13.49704647064209 183
1653776809311 13.505387306213379 184
1653776809636 13.409128189086914 185
1653776809958 13.38215160369873 186
1653776810279 13.338485717773438 187
1653776810602 13.315385818481445 188
1653776810933 13.267783164978027 189
1653776811268 13.20080280303955 190
1653776811622 13.226633071899414 191
1653776811940 13.152864456176758 192
1653776812258 13.12101936340332 193
1653776812578 13.083038330078125 194
1653776812892 13.036199569702148 195
1653776813219 13.028191566467285 196
1653776813581 12.973527908325195 197
1653776813905 12.921967506408691 198
1653776814225 12.908002853393555 199
1653776814567 12.881918907165527 200
1653776815096 12.83816909790039 201
1653776815451 12.817608833312988 202
1653776815795 12.772599220275879 203
1653776816116 12.71919059753418 204
1653776816448 12.73076343536377 205
1653776816772 12.678670883178711 206
1653776817087 12.635009765625 207
1653776817414 12.58541488647461 208
1653776817740 12.589707374572754 209
1653776818059 12.55827808380127 210
1653776818386 12.483994483947754 211
1653776818747 12.45711898803711 212
1653776819073 12.429591178894043 213
1653776819430 12.469306945800781 214
1653776819762 12.3350248336792 215
1653776820104 12.312506675720215 216
1653776820436 12.363500595092773 217
1653776820768 12.292062759399414 218
1653776821099 12.253398895263672 219
1653776821498 12.248509407043457 220
1653776821832 12.193126678466797 221
1653776822164 12.133974075317383 222
1653776822490 12.088668823242188 223
1653776822814 12.106062889099121 224
1653776823133 12.08106803894043 225
1653776823454 12.035110473632812 226
1653776823776 12.001304626464844 227
1653776824091 11.942843437194824 228
1653776824427 11.961973190307617 229
1653776824744 11.892950057983398 230
1653776825063 11.8746337890625 231
1653776825380 11.876225471496582 232
1653776825708 11.843558311462402 233
1653776826040 11.81324577331543 234
1653776826401 11.793601989746094 235
1653776826722 11.759988784790039 236
1653776827039 11.685544967651367 237
1653776827364 11.699040412902832 238
1653776827694 11.662213325500488 239
1653776828009 11.663894653320312 240
1653776828324 11.642720222473145 241
1653776828656 11.641402244567871 242
1653776828965 11.628621101379395 243
1653776829283 11.589936256408691 244
1653776829608 11.527928352355957 245
1653776829931 11.524834632873535 246
1653776830252 11.510244369506836 247
1653776830578 11.448573112487793 248
1653776830935 11.440144538879395 249
1653776831262 11.441983222961426 250
1653776831585 11.399121284484863 251
1653776831905 11.371237754821777 252
1653776832228 11.291193008422852 253
1653776832558 11.290328025817871 254
1653776832875 11.306292533874512 255
1653776833197 11.307552337646484 256
1653776833525 11.242355346679688 257
1653776833850 11.236056327819824 258
1653776834165 11.188785552978516 259
1653776834492 11.191469192504883 260
1653776834828 11.17239761352539 261
1653776835149 11.063131332397461 262
1653776835509 11.16031265258789 263
1653776835839 11.129276275634766 264
1653776836163 11.08962631225586 265
1653776836484 11.102235794067383 266
1653776836813 11.070496559143066 267
1653776837136 11.0073881149292 268
1653776837466 10.99958324432373 269
1653776837805 11.008278846740723 270
1653776838130 10.994796752929688 271
1653776838456 10.91623592376709 272
1653776838782 10.95942211151123 273
1653776839098 10.937060356140137 274
1653776839474 10.882345199584961 275
1653776839825 10.867929458618164 276
1653776840149 10.853812217712402 277
1653776840466 10.837259292602539 278
1653776840797 10.855956077575684 279
1653776841110 10.836320877075195 280
1653776841432 10.827249526977539 281
1653776841758 10.792967796325684 282
1653776842081 10.743474006652832 283
1653776842417 10.709623336791992 284
1653776842739 10.739081382751465 285
1653776843065 10.71373462677002 286
1653776843429 10.724933624267578 287
1653776843766 10.71615219116211 288
1653776844081 10.688170433044434 289
1653776844407 10.681193351745605 290
1653776844741 10.654387474060059 291
1653776845065 10.626252174377441 292
1653776845382 10.648818969726562 293
1653776845706 10.652256965637207 294
1653776846037 10.592918395996094 295
1653776846364 10.596435546875 296
1653776846695 10.599079132080078 297
1653776847021 10.537282943725586 298
1653776847401 10.563355445861816 299
1653776847723 10.51640796661377 300
1653776848042 10.508309364318848 301
1653776848366 10.515069007873535 302
1653776848687 10.507542610168457 303
1653776849017 10.491205215454102 304
1653776849336 10.475536346435547 305
1653776849655 10.453178405761719 306
1653776866852 10.508309364318848 307
