1653775239606 28.406692504882812 0
1653775239939 28.224096298217773 1
1653775240263 28.012224197387695 2
1653775240594 27.777565002441406 3
1653775240925 27.51633644104004 4
1653775241253 27.25105857849121 5
1653775241581 26.99189567565918 6
1653775241919 26.70931053161621 7
1653775242244 26.454126358032227 8
1653775242570 26.1673526763916 9
1653775242936 25.901159286499023 10
1653775243257 25.65604019165039 11
1653775243593 25.434345245361328 12
1653775243910 25.218242645263672 13
1653775244237 25.038541793823242 14
1653775244574 24.86910629272461 15
1653775244895 24.715286254882812 16
1653775245214 24.560222625732422 17
1653775245525 24.39715003967285 18
1653775245845 24.266828536987305 19
1653775246155 24.124387741088867 20
1653775246465 23.998226165771484 21
1653775246778 23.869281768798828 22
1653775247088 23.738059997558594 23
1653775247397 23.608840942382812 24
1653775247712 23.51970100402832 25
1653775248025 23.39596176147461 26
1653775248345 23.299158096313477 27
1653775248708 23.22187042236328 28
1653775249030 23.1124324798584 29
1653775249345 23.024547576904297 30
1653775249665 22.91903305053711 31
1653775249975 22.83913803100586 32
1653775250285 22.743680953979492 33
1653775250597 22.664127349853516 34
1653775250908 22.585195541381836 35
1653775251221 22.51283073425293 36
1653775251540 22.44753646850586 37
1653775251850 22.359874725341797 38
1653775252165 22.264659881591797 39
1653775252483 22.186946868896484 40
1653775252812 22.13274574279785 41
1653775253127 22.030006408691406 42
1653775253444 21.965559005737305 43
1653775253765 21.89173126220703 44
1653775254078 21.8326416015625 45
1653775254394 21.743709564208984 46
1653775254743 21.675870895385742 47
1653775255058 21.603347778320312 48
1653775255371 21.512435913085938 49
1653775255683 21.434343338012695 50
1653775255994 21.381330490112305 51
1653775256321 21.321727752685547 52
1653775256649 21.253250122070312 53
1653775256971 21.164039611816406 54
1653775257296 21.095989227294922 55
1653775257612 21.03331184387207 56
1653775257915 20.963457107543945 57
1653775258229 20.887218475341797 58
1653775258537 20.816688537597656 59
1653775258847 20.744443893432617 60
1653775259161 20.68505096435547 61
1653775259482 20.621206283569336 62
1653775259796 20.566631317138672 63
1653775260111 20.483232498168945 64
1653775260428 20.424013137817383 65
1653775260783 20.37450408935547 66
1653775261101 20.316652297973633 67
1653775261416 20.237266540527344 68
1653775261723 20.166658401489258 69
1653775262039 20.146982192993164 70
1653775262353 20.047142028808594 71
1653775262663 19.98496437072754 72
1653775262968 19.90351104736328 73
1653775263284 19.87335777282715 74
1653775263601 19.776870727539062 75
1653775264002 19.72310447692871 76
1653775264512 19.670286178588867 77
1653775264853 19.58860206604004 78
1653775265181 19.5799560546875 79
1653775265498 19.466201782226562 80
1653775265912 19.422164916992188 81
1653775266229 19.363075256347656 82
1653775266585 19.277841567993164 83
1653775266998 19.241329193115234 84
1653775267341 19.158260345458984 85
1653775267699 19.10403060913086 86
1653775268074 19.054725646972656 87
1653775268433 18.967350006103516 88
1653775268803 18.922687530517578 89
1653775269191 18.862470626831055 90
1653775269587 18.80153465270996 91
1653775269995 18.764450073242188 92
1653775270351 18.714025497436523 93
1653775270733 18.65685272216797 94
1653775271060 18.593339920043945 95
1653775271386 18.501628875732422 96
1653775271725 18.459980010986328 97
1653775272104 18.4333553314209 98
1653775272415 18.369312286376953 99
1653775272997 18.286958694458008 100
1653775273333 18.20279884338379 101
1653775273790 18.1458740234375 102
1653775274362 18.111135482788086 103
1653775274686 18.026588439941406 104
1653775275024 18.022796630859375 105
1653775275355 17.918678283691406 106
1653775275679 17.877607345581055 107
1653775275998 17.8195743560791 108
1653775276316 17.75313377380371 109
1653775276638 17.722585678100586 110
1653775276962 17.64506721496582 111
1653775277319 17.599834442138672 112
1653775277669 17.548442840576172 113
1653775278004 17.453819274902344 114
1653775278459 17.44504165649414 115
1653775278758 17.369638442993164 116
1653775279155 17.279876708984375 117
1653775279541 17.241350173950195 118
1653775279832 17.206687927246094 119
1653775280193 17.129236221313477 120
1653775280550 17.07769012451172 121
1653775280940 17.06084442138672 122
1653775281257 16.991058349609375 123
1653775281570 16.93806266784668 124
1653775281994 16.883197784423828 125
1653775282434 16.81685447692871 126
1653775282878 16.7498836517334 127
1653775283252 16.701974868774414 128
1653775283756 16.66765022277832 129
1653775284126 16.59078025817871 130
1653775284506 16.51065444946289 131
1653775284894 16.493175506591797 132
1653775285266 16.37151527404785 133
1653775285665 16.34671974182129 134
1653775286084 16.35592269897461 135
1653775286623 16.269107818603516 136
1653775287036 16.21910285949707 137
1653775287436 16.193744659423828 138
1653775287810 16.112714767456055 139
1653775288200 16.045686721801758 140
1653775288592 15.996047973632812 141
1653775288946 15.969497680664062 142
1653775289312 15.917917251586914 143
1653775289639 15.847088813781738 144
1653775289930 15.824636459350586 145
1653775290214 15.763481140136719 146
1653775290510 15.743579864501953 147
1653775290808 15.63310718536377 148
1653775291108 15.599783897399902 149
1653775291447 15.51989459991455 150
1653775291771 15.515421867370605 151
1653775292105 15.423336029052734 152
1653775292401 15.423269271850586 153
1653775292740 15.33370590209961 154
1653775293053 15.275521278381348 155
1653775293356 15.234725952148438 156
1653775293663 15.193581581115723 157
1653775293957 15.087327003479004 158
1653775294277 15.0863618850708 159
1653775294580 15.028642654418945 160
1653775294871 14.94370174407959 161
1653775295212 14.933049201965332 162
1653775295602 14.889519691467285 163
1653775295898 14.833869934082031 164
1653775296199 14.805027961730957 165
1653775296498 14.748913764953613 166
1653775296799 14.702995300292969 167
1653775297086 14.616960525512695 168
1653775297441 14.620833396911621 169
1653775297784 14.578956604003906 170
1653775298081 14.483511924743652 171
1653775298381 14.466507911682129 172
1653775298723 14.4508638381958 173
1653775299073 14.370349884033203 174
1653775299458 14.365644454956055 175
1653775299829 14.267653465270996 176
1653775300216 14.269553184509277 177
1653775300625 14.175409317016602 178
1653775300918 14.155529022216797 179
1653775301213 14.124192237854004 180
1653775301530 14.071062088012695 181
1653775301821 14.012304306030273 182
1653775302124 13.92695140838623 183
1653775302439 13.938034057617188 184
1653775302781 13.911870002746582 185
1653775303103 13.857498168945312 186
1653775303463 13.82728385925293 187
1653775303779 13.767839431762695 188
1653775304086 13.687167167663574 189
1653775304397 13.677921295166016 190
1653775304693 13.596470832824707 191
1653775304992 13.588788032531738 192
1653775305279 13.598917007446289 193
1653775305593 13.497322082519531 194
1653775305921 13.46929931640625 195
1653775306200 13.43518352508545 196
1653775306491 13.38542652130127 197
1653775306783 13.366998672485352 198
1653775307091 13.36403751373291 199
1653775307394 13.264568328857422 200
1653775307689 13.25133991241455 201
1653775307989 13.23538875579834 202
1653775308280 13.161078453063965 203
1653775308577 13.129088401794434 204
1653775308862 13.111834526062012 205
1653775309173 13.08992862701416 206
1653775309475 12.991809844970703 207
1653775309793 12.980720520019531 208
1653775310095 12.958518028259277 209
1653775310438 12.915946006774902 210
1653775310745 12.861891746520996 211
1653775311044 12.797334671020508 212
1653775311349 12.77892017364502 213
1653775311661 12.759157180786133 214
1653775311948 12.756271362304688 215
1653775312237 12.698761940002441 216
1653775312533 12.663787841796875 217
1653775312822 12.63955307006836 218
1653775313193 12.605181694030762 219
1653775313490 12.575726509094238 220
1653775313811 12.515180587768555 221
1653775314100 12.509783744812012 222
1653775314407 12.467461585998535 223
1653775314699 12.424174308776855 224
1653775315007 12.398868560791016 225
1653775315312 12.379678726196289 226
1653775315678 12.30626392364502 227
1653775315977 12.3115816116333 228
1653775316274 12.278664588928223 229
1653775316580 12.241392135620117 230
1653775316871 12.244975090026855 231
1653775317167 12.214599609375 232
1653775317459 12.138158798217773 233
1653775317767 12.094866752624512 234
1653775318066 12.105066299438477 235
1653775318367 12.060401916503906 236
1653775318676 12.090720176696777 237
1653775318991 12.039322853088379 238
1653775319311 11.983153343200684 239
1653775319642 11.950504302978516 240
1653775319946 11.9373197555542 241
1653775320254 11.898613929748535 242
1653775320578 11.833518981933594 243
1653775320879 11.830408096313477 244
1653775321180 11.814794540405273 245
1653775321614 11.786532402038574 246
1653775321919 11.768061637878418 247
1653775322265 11.718648910522461 248
1653775322600 11.717493057250977 249
1653775322880 11.632649421691895 250
1653775323168 11.688811302185059 251
1653775323452 11.634900093078613 252
1653775323758 11.600336074829102 253
1653775324052 11.59850788116455 254
1653775324394 11.548572540283203 255
1653775324715 11.527633666992188 256
1653775325026 11.501324653625488 257
1653775325328 11.5123872756958 258
1653775325644 11.474151611328125 259
1653775325987 11.467000007629395 260
1653775326289 11.412446022033691 261
1653775326592 11.400959014892578 262
1653775326881 11.386565208435059 263
1653775327200 11.346893310546875 264
1653775327490 11.308457374572754 265
1653775327799 11.285408020019531 266
1653775328120 11.275978088378906 267
1653775328486 11.273139953613281 268
1653775328799 11.224764823913574 269
1653775329094 11.205643653869629 270
1653775329405 11.119460105895996 271
1653775329707 11.119051933288574 272
1653775330030 11.137741088867188 273
1653775330349 11.038579940795898 274
1653775330654 11.108332633972168 275
1653775330948 11.075591087341309 276
1653775331306 11.043213844299316 277
1653775331693 11.021413803100586 278
1653775332037 11.0223970413208 279
1653775332381 11.025399208068848 280
1653775332734 11.00827407836914 281
1653775333062 10.935627937316895 282
1653775333434 10.982748031616211 283
1653775333935 10.858994483947754 284
1653775334325 10.886754035949707 285
1653775334681 10.919622421264648 286
1653775335032 10.86838436126709 287
1653775335365 10.851598739624023 288
1653775335796 10.79046630859375 289
1653775336117 10.815946578979492 290
1653775336421 10.806289672851562 291
1653775336729 10.790534019470215 292
1653775337096 10.79049015045166 293
1653775337403 10.724382400512695 294
1653775337702 10.755378723144531 295
1653775338004 10.684991836547852 296
1653775338332 10.65833854675293 297
1653775338633 10.74067211151123 298
1653775338927 10.665959358215332 299
1653775339206 10.673686981201172 300
1653775339487 10.65200424194336 301
1653775339786 10.67798137664795 302
1653775340093 10.630959510803223 303
1653775340469 10.602900505065918 304
1653775340796 10.572083473205566 305
1653775341188 10.570452690124512 306
1653775341491 10.5812349319458 307
1653775341811 10.492692947387695 308
1653775342142 10.551433563232422 309
1653775342487 10.536717414855957 310
1653775342843 10.499598503112793 311
1653775343234 10.471529960632324 312
1653775343545 10.446866989135742 313
1653775343859 10.453503608703613 314
1653775344148 10.445539474487305 315
1653775344492 10.443156242370605 316
1653775344822 10.415904998779297 317
1653775345153 10.457602500915527 318
1653775345528 10.3905029296875 319
1653775345834 10.370692253112793 320
1653775346181 10.396283149719238 321
1653775346539 10.376779556274414 322
1653775346867 10.318984031677246 323
1653775347197 10.36478042602539 324
1653775347494 10.321325302124023 325
1653775347836 10.3016357421875 326
1653775348222 10.266881942749023 327
1653775348558 10.313508033752441 328
1653775348883 10.284337997436523 329
1653775349200 10.322456359863281 330
1653775349515 10.253762245178223 331
1653775349832 10.272505760192871 332
1653775350150 10.225470542907715 333
1653775350472 10.251726150512695 334
1653775350807 10.232945442199707 335
1653775351152 10.239648818969727 336
1653775368377 10.253762245178223 337
