1653772547813 28.597578048706055 0
1653772548159 28.447040557861328 1
1653772548474 28.291889190673828 2
1653772548844 28.09842872619629 3
1653772549203 27.85359764099121 4
1653772549568 27.572463989257812 5
1653772549886 27.24685287475586 6
1653772550204 26.902740478515625 7
1653772550521 26.57577896118164 8
1653772550837 26.28864097595215 9
1653772551163 26.054197311401367 10
1653772551517 25.846216201782227 11
1653772551844 25.666879653930664 12
1653772552156 25.511754989624023 13
1653772552473 25.349306106567383 14
1653772552802 25.187105178833008 15
1653772553109 25.020212173461914 16
1653772553436 24.889392852783203 17
1653772553744 24.75556182861328 18
1653772554052 24.607595443725586 19
1653772554357 24.48923110961914 20
1653772554658 24.372360229492188 21
1653772554974 24.23370933532715 22
1653772555323 24.11956024169922 23
1653772555634 24.0002498626709 24
1653772555960 23.917848587036133 25
1653772556284 23.7908878326416 26
1653772556603 23.68891716003418 27
1653772556913 23.574451446533203 28
1653772557223 23.47283935546875 29
1653772557535 23.38092803955078 30
1653772557855 23.276498794555664 31
1653772558160 23.191804885864258 32
1653772558465 23.066909790039062 33
1653772558772 22.976959228515625 34
1653772559072 22.902212142944336 35
1653772559376 22.794902801513672 36
1653772559675 22.716691970825195 37
1653772559986 22.63235092163086 38
1653772560297 22.547815322875977 39
1653772560606 22.457422256469727 40
1653772560967 22.38419532775879 41
1653772561272 22.277681350708008 42
1653772561572 22.207656860351562 43
1653772561876 22.123994827270508 44
1653772562175 22.05889320373535 45
1653772562476 21.942724227905273 46
1653772562779 21.891632080078125 47
1653772563091 21.791934967041016 48
1653772563393 21.69670867919922 49
1653772563698 21.646974563598633 50
1653772564020 21.56548309326172 51
1653772564336 21.489408493041992 52
1653772564644 21.43000602722168 53
1653772564959 21.333839416503906 54
1653772565264 21.263776779174805 55
1653772565576 21.20210838317871 56
1653772565884 21.129528045654297 57
1653772566190 21.041305541992188 58
1653772566536 20.99838638305664 59
1653772566844 20.926799774169922 60
1653772567145 20.854795455932617 61
1653772567448 20.813129425048828 62
1653772567757 20.705785751342773 63
1653772568070 20.63524055480957 64
1653772568380 20.57835578918457 65
1653772568687 20.537769317626953 66
1653772568997 20.417707443237305 67
1653772569313 20.376373291015625 68
1653772569640 20.28064727783203 69
1653772569961 20.256641387939453 70
1653772570271 20.17619514465332 71
1653772570626 20.109416961669922 72
1653772570989 20.064205169677734 73
1653772571361 20.01270866394043 74
1653772571724 19.932024002075195 75
1653772572060 19.840961456298828 76
1653772572452 19.764427185058594 77
1653772572785 19.731645584106445 78
1653772573120 19.6589412689209 79
1653772573435 19.602645874023438 80
1653772573791 19.51358985900879 81
1653772574152 19.469877243041992 82
1653772574503 19.436861038208008 83
1653772574814 19.34650421142578 84
1653772575124 19.294118881225586 85
1653772575429 19.21663475036621 86
1653772575729 19.144580841064453 87
1653772576036 19.095895767211914 88
1653772576335 18.99257469177246 89
1653772576643 18.992307662963867 90
1653772576943 18.933372497558594 91
1653772577243 18.861722946166992 92
1653772577548 18.769935607910156 93
1653772577885 18.739788055419922 94
1653772578191 18.658937454223633 95
1653772578497 18.624605178833008 96
1653772578809 18.566484451293945 97
1653772579114 18.508230209350586 98
1653772579415 18.42219352722168 99
1653772579721 18.377370834350586 100
1653772580025 18.316207885742188 101
1653772580326 18.25760841369629 102
1653772580632 18.205602645874023 103
1653772580945 18.13783073425293 104
1653772581251 18.07495880126953 105
1653772581560 18.02713966369629 106
1653772581872 17.945934295654297 107
1653772582179 17.924482345581055 108
1653772582479 17.830848693847656 109
1653772582781 17.78971290588379 110
1653772583084 17.751733779907227 111
1653772583446 17.686052322387695 112
1653772583748 17.623268127441406 113
1653772584046 17.583166122436523 114
1653772584351 17.48937225341797 115
1653772584651 17.440505981445312 116
1653772584956 17.419544219970703 117
1653772585254 17.390579223632812 118
1653772585555 17.317047119140625 119
1653772585862 17.198461532592773 120
1653772586156 17.186491012573242 121
1653772586464 17.157373428344727 122
1653772586770 17.054780960083008 123
1653772587072 17.002649307250977 124
1653772587371 16.977102279663086 125
1653772587674 16.896665573120117 126
1653772588008 16.850799560546875 127
1653772588312 16.80836296081543 128
1653772588611 16.75113296508789 129
1653772588914 16.69455337524414 130
1653772589214 16.646766662597656 131
1653772589520 16.575735092163086 132
1653772589817 16.566511154174805 133
1653772590121 16.515981674194336 134
1653772590421 16.41697120666504 135
1653772590730 16.373027801513672 136
1653772591039 16.35800552368164 137
1653772591343 16.285888671875 138
1653772591645 16.22296142578125 139
1653772591945 16.12507438659668 140
1653772592243 16.085914611816406 141
1653772592589 16.037931442260742 142
1653772592894 16.041685104370117 143
1653772593190 15.986783027648926 144
1653772593492 15.913276672363281 145
1653772593789 15.828306198120117 146
1653772594092 15.803295135498047 147
1653772594409 15.758234024047852 148
1653772594711 15.695395469665527 149
1653772595017 15.65742015838623 150
1653772595317 15.593253135681152 151
1653772595623 15.516633033752441 152
1653772595932 15.537190437316895 153
1653772596243 15.438922882080078 154
1653772596550 15.386667251586914 155
1653772596861 15.327770233154297 156
1653772597157 15.258728981018066 157
1653772597503 15.219927787780762 158
1653772597931 15.18372917175293 159
1653772598364 15.112942695617676 160
1653772598684 15.073739051818848 161
1653772598996 15.032818794250488 162
1653772599307 14.988316535949707 163
1653772599616 14.955078125 164
1653772599916 14.908367156982422 165
1653772600221 14.84886360168457 166
1653772600521 14.778956413269043 167
1653772600823 14.771440505981445 168
1653772601123 14.704385757446289 169
1653772601441 14.640597343444824 170
1653772601752 14.59514045715332 171
1653772602059 14.55490779876709 172
1653772602361 14.482931137084961 173
1653772602667 14.464347839355469 174
1653772602988 14.407325744628906 175
1653772603291 14.335264205932617 176
1653772603594 14.322404861450195 177
1653772603924 14.287487983703613 178
1653772604231 14.25098991394043 179
1653772604541 14.171304702758789 180
1653772604845 14.148320198059082 181
1653772605156 14.089432716369629 182
1653772605468 14.083738327026367 183
1653772605774 14.032292366027832 184
1653772606088 13.989885330200195 185
1653772606511 13.941919326782227 186
1653772606913 13.900652885437012 187
1653772607214 13.827418327331543 188
1653772607711 13.794312477111816 189
1653772608044 13.775304794311523 190
1653772608340 13.731295585632324 191
1653772608642 13.702601432800293 192
1653772608953 13.64978313446045 193
1653772609255 13.595495223999023 194
1653772609612 13.5714111328125 195
1653772609927 13.506814956665039 196
1653772610230 13.45758056640625 197
1653772610530 13.445077896118164 198
1653772610832 13.399541854858398 199
1653772611137 13.347386360168457 200
1653772611442 13.340010643005371 201
1653772611749 13.281360626220703 202
1653772612060 13.223526954650879 203
1653772612356 13.199148178100586 204
1653772612660 13.114990234375 205
1653772612982 13.133979797363281 206
1653772613342 13.094395637512207 207
1653772613701 12.98720932006836 208
1653772614108 13.023801803588867 209
1653772614468 12.993000030517578 210
1653772614794 12.943442344665527 211
1653772615107 12.861007690429688 212
1653772615463 12.837198257446289 213
1653772615808 12.84864616394043 214
1653772616124 12.78451156616211 215
1653772616432 12.750839233398438 216
1653772616746 12.693769454956055 217
1653772617056 12.703258514404297 218
1653772617397 12.7010498046875 219
1653772617710 12.657671928405762 220
1653772618016 12.526155471801758 221
1653772618358 12.529437065124512 222
1653772618666 12.522910118103027 223
1653772618968 12.487195014953613 224
1653772619273 12.472454071044922 225
1653772619569 12.38160228729248 226
1653772619875 12.38078498840332 227
1653772620181 12.328547477722168 228
1653772620486 12.290498733520508 229
1653772620800 12.268965721130371 230
1653772621106 12.267068862915039 231
1653772621424 12.281061172485352 232
1653772621734 12.179935455322266 233
1653772622034 12.15556526184082 234
1653772622336 12.147787094116211 235
1653772622628 12.07499885559082 236
1653772622974 12.107769012451172 237
1653772623274 12.04870891571045 238
1653772623582 12.02331829071045 239
1653772623877 11.959829330444336 240
1653772624177 11.976564407348633 241
1653772624478 11.921725273132324 242
1653772624785 11.849191665649414 243
1653772625095 11.837367057800293 244
1653772625402 11.813976287841797 245
1653772625705 11.792736053466797 246
1653772626009 11.80322551727295 247
1653772626317 11.768905639648438 248
1653772626626 11.761240005493164 249
1653772626926 11.6880464553833 250
1653772627229 11.710149765014648 251
1653772627575 11.632345199584961 252
1653772627895 11.6395902633667 253
1653772628195 11.572225570678711 254
1653772628506 11.567873001098633 255
1653772628810 11.54142951965332 256
1653772629119 11.588047981262207 257
1653772629420 11.530126571655273 258
1653772629728 11.457091331481934 259
1653772630037 11.373035430908203 260
1653772630347 11.378929138183594 261
1653772630655 11.419840812683105 262
1653772630963 11.401166915893555 263
1653772631267 11.336423873901367 264
1653772631590 11.32943344116211 265
1653772631981 11.308466911315918 266
1653772632319 11.269304275512695 267
1653772632665 11.305797576904297 268
1653772633004 11.202393531799316 269
1653772633453 11.237963676452637 270
1653772634018 11.174033164978027 271
1653772634584 11.15410041809082 272
1653772635131 11.131143569946289 273
1653772635615 11.120349884033203 274
1653772636137 11.144233703613281 275
1653772636664 11.090234756469727 276
1653772637237 11.052096366882324 277
1653772637839 11.05539608001709 278
1653772638346 11.011114120483398 279
1653772638813 11.028936386108398 280
1653772639435 11.030317306518555 281
1653772639917 10.948532104492188 282
1653772640530 10.925450325012207 283
1653772641067 10.985494613647461 284
1653772641602 10.954669952392578 285
1653772642122 10.928594589233398 286
1653772642623 10.897377014160156 287
1653772643090 10.847599983215332 288
1653772643633 10.838289260864258 289
1653772644153 10.816248893737793 290
1653772644580 10.795784950256348 291
1653772644973 10.777833938598633 292
1653772645404 10.731505393981934 293
1653772645772 10.765706062316895 294
1653772646150 10.72656536102295 295
1653772646526 10.71234130859375 296
1653772646887 10.701472282409668 297
1653772647241 10.749987602233887 298
1653772647604 10.641457557678223 299
1653772647965 10.639045715332031 300
1653772648303 10.650383949279785 301
1653772648662 10.639020919799805 302
1653772649009 10.596651077270508 303
1653772649359 10.598538398742676 304
1653772649774 10.593682289123535 305
1653772650138 10.613065719604492 306
1653772650490 10.59634780883789 307
1653772650830 10.570253372192383 308
1653772651163 10.557337760925293 309
1653772651499 10.521024703979492 310
1653772651847 10.514006614685059 311
1653772652182 10.462139129638672 312
1653772652515 10.468141555786133 313
1653772652853 10.518295288085938 314
1653772653188 10.449875831604004 315
1653772653613 10.410536766052246 316
1653772653987 10.427765846252441 317
1653772654354 10.408034324645996 318
1653772654704 10.434891700744629 319
1653772655038 10.391000747680664 320
1653772655362 10.360626220703125 321
1653772655694 10.356725692749023 322
1653772656160 10.36497688293457 323
1653772656629 10.320016860961914 324
1653772657069 10.31954574584961 325
1653772657579 10.305137634277344 326
1653772657927 10.320148468017578 327
1653772658260 10.247299194335938 328
1653772658597 10.238212585449219 329
1653772658919 10.265816688537598 330
1653772659248 10.262978553771973 331
1653772659569 10.277174949645996 332
1653772659889 10.275582313537598 333
1653772660197 10.263936042785645 334
1653772660521 10.222787857055664 335
1653772660844 10.216636657714844 336
1653772661165 10.212000846862793 337
1653772661533 10.209784507751465 338
1653772661849 10.187331199645996 339
1653772662158 10.180334091186523 340
1653772662491 10.158214569091797 341
1653772662848 10.143848419189453 342
1653772663172 10.153801918029785 343
1653772663493 10.153395652770996 344
1653772663810 10.10387897491455 345
1653772664121 10.14500617980957 346
1653772664441 10.09514331817627 347
1653772664751 10.157343864440918 348
1653772665082 10.080537796020508 349
1653772665399 10.116504669189453 350
1653772665706 10.126099586486816 351
1653772666064 10.079657554626465 352
1653772666373 10.07340145111084 353
1653772682270 10.157343864440918 354
