1653768836209 28.531312942504883 0
1653768836685 28.287336349487305 1
1653768837152 28.03152084350586 2
1653768837686 27.7374267578125 3
1653768838503 27.3922176361084 4
1653768839069 27.03078269958496 5
1653768839592 26.649309158325195 6
1653768840045 26.29203224182129 7
1653768840483 25.97709083557129 8
1653768840928 25.687183380126953 9
1653768841385 25.405786514282227 10
1653768841910 25.173583984375 11
1653768842544 24.915557861328125 12
1653768843288 24.708398818969727 13
1653768843770 24.522245407104492 14
1653768844255 24.350181579589844 15
1653768844829 24.18390464782715 16
1653768845569 24.038959503173828 17
1653768846108 23.890230178833008 18
1653768846643 23.753244400024414 19
1653768847233 23.617748260498047 20
1653768847826 23.49705696105957 21
1653768848472 23.37713623046875 22
1653768849131 23.241199493408203 23
1653768849687 23.134004592895508 24
1653768850242 23.01510238647461 25
1653768850848 22.91489028930664 26
1653768851395 22.808788299560547 27
1653768852042 22.695804595947266 28
1653768852835 22.589136123657227 29
1653768853435 22.498197555541992 30
1653768854054 22.392839431762695 31
1653768854653 22.314786911010742 32
1653768855240 22.2112979888916 33
1653768856126 22.124113082885742 34
1653768856766 22.022480010986328 35
1653768857376 21.934743881225586 36
1653768858018 21.8634033203125 37
1653768858666 21.7709903717041 38
1653768859308 21.685272216796875 39
1653768860228 21.603809356689453 40
1653768860841 21.507184982299805 41
1653768861439 21.41796875 42
1653768862025 21.36347007751465 43
1653768862674 21.238630294799805 44
1653768863491 21.20086097717285 45
1653768864369 21.102140426635742 46
1653768865020 21.022676467895508 47
1653768865705 20.944528579711914 48
1653768866400 20.887557983398438 49
1653768867087 20.797042846679688 50
1653768868025 20.748823165893555 51
1653768868846 20.639144897460938 52
1653768869692 20.597354888916016 53
1653768870518 20.49273681640625 54
1653768871268 20.449052810668945 55
1653768872169 20.368120193481445 56
1653768873123 20.310373306274414 57
1653768873902 20.244293212890625 58
1653768874682 20.156091690063477 59
1653768875368 20.098852157592773 60
1653768876216 20.010435104370117 61
1653768877533 19.9348087310791 62
1653768879182 19.862152099609375 63
1653768880158 19.791696548461914 64
1653768881294 19.758888244628906 65
1653768882639 19.67683982849121 66
1653768883863 19.608177185058594 67
1653768885032 19.55916404724121 68
1653768885984 19.46647071838379 69
1653768887209 19.42205810546875 70
1653768888369 19.351703643798828 71
1653768889838 19.283906936645508 72
1653768890768 19.260879516601562 73
1653768891677 19.171175003051758 74
1653768892503 19.101680755615234 75
1653768893432 19.062273025512695 76
1653768894416 18.993764877319336 77
1653768895438 18.881990432739258 78
1653768896225 18.853973388671875 79
1653768896971 18.756135940551758 80
1653768897815 18.734365463256836 81
1653768898686 18.641822814941406 82
1653768900065 18.602935791015625 83
1653768900971 18.552644729614258 84
1653768901787 18.481834411621094 85
1653768902647 18.437923431396484 86
1653768903446 18.353450775146484 87
1653768904613 18.291257858276367 88
1653768905620 18.269487380981445 89
1653768906401 18.17264747619629 90
1653768907207 18.14126205444336 91
1653768907982 18.05219268798828 92
1653768908906 17.995811462402344 93
1653768909731 17.911727905273438 94
1653768910407 17.87713050842285 95
1653768911040 17.846141815185547 96
1653768911629 17.759716033935547 97
1653768912303 17.709318161010742 98
1653768913159 17.670909881591797 99
1653768913753 17.586177825927734 100
1653768914296 17.547304153442383 101
1653768914826 17.50114631652832 102
1653768915347 17.42571258544922 103
1653768916123 17.364633560180664 104
1653768916743 17.338096618652344 105
1653768917268 17.212488174438477 106
1653768917833 17.204456329345703 107
1653768918322 17.140527725219727 108
1653768919030 17.081741333007812 109
1653768919652 17.036306381225586 110
1653768920205 16.9605712890625 111
1653768920736 16.922481536865234 112
1653768921245 16.84895133972168 113
1653768921713 16.824766159057617 114
1653768922443 16.77091407775879 115
1653768922979 16.687253952026367 116
1653768923506 16.650245666503906 117
1653768924244 16.612699508666992 118
1653768924755 16.550691604614258 119
1653768925214 16.47620964050293 120
1653768925820 16.426788330078125 121
1653768926246 16.392330169677734 122
1653768926689 16.325231552124023 123
1653768927087 16.259719848632812 124
1653768927524 16.209529876708984 125
1653768928038 16.15026092529297 126
1653768928515 16.07976531982422 127
1653768928928 16.017366409301758 128
1653768929393 16.04427719116211 129
1653768929784 15.924009323120117 130
1653768930163 15.888956069946289 131
1653768930718 15.835798263549805 132
1653768931123 15.803624153137207 133
1653768931512 15.703104019165039 134
1653768931881 15.665664672851562 135
1653768932271 15.621777534484863 136
1653768932679 15.553426742553711 137
1653768933230 15.524497032165527 138
1653768933625 15.467877388000488 139
1653768933982 15.420150756835938 140
1653768934347 15.366960525512695 141
1653768934699 15.31049919128418 142
1653768935060 15.251505851745605 143
1653768935613 15.207232475280762 144
1653768935972 15.15988826751709 145
1653768936314 15.100668907165527 146
1653768936671 15.05813217163086 147
1653768937010 15.021454811096191 148
1653768937375 14.963854789733887 149
1653768937897 14.897714614868164 150
1653768938272 14.845699310302734 151
1653768938681 14.767816543579102 152
1653768939031 14.802385330200195 153
1653768939381 14.730245590209961 154
1653768939742 14.681568145751953 155
1653768940281 14.64911937713623 156
1653768940698 14.607192993164062 157
1653768941093 14.574968338012695 158
1653768941424 14.458611488342285 159
1653768941761 14.419702529907227 160
1653768942065 14.402469635009766 161
1653768942377 14.331685066223145 162
1653768942713 14.28613567352295 163
1653768943076 14.28943920135498 164
1653768943472 14.179616928100586 165
1653768943987 14.162578582763672 166
1653768944317 14.112443923950195 167
1653768944693 14.041425704956055 168
1653768945045 14.033881187438965 169
1653768945399 14.000666618347168 170
1653768945766 13.958139419555664 171
1653768946122 13.9078369140625 172
1653768946496 13.83401870727539 173
1653768946911 13.809041023254395 174
1653768947421 13.816458702087402 175
1653768947835 13.745992660522461 176
1653768948215 13.671993255615234 177
1653768948594 13.636739730834961 178
1653768948956 13.61923885345459 179
1653768949310 13.558244705200195 180
1653768949688 13.541417121887207 181
1653768950238 13.510279655456543 182
1653768950802 13.405722618103027 183
1653768951213 13.4173002243042 184
1653768951630 13.388261795043945 185
1653768952038 13.340032577514648 186
1653768952449 13.278166770935059 187
1653768953096 13.2989501953125 188
1653768953550 13.174381256103516 189
1653768954011 13.16749095916748 190
1653768954482 13.164289474487305 191
1653768954983 13.132983207702637 192
1653768955512 13.069036483764648 193
1653768956066 12.998764038085938 194
1653768956508 13.009018898010254 195
1653768956950 12.964558601379395 196
1653768957367 12.961039543151855 197
1653768957777 12.892745018005371 198
1653768958356 12.823325157165527 199
1653768958830 12.822013854980469 200
1653768959291 12.802085876464844 201
1653768959726 12.786417961120605 202
1653768960148 12.745617866516113 203
1653768960625 12.616971015930176 204
1653768961220 12.651467323303223 205
1653768961687 12.633522987365723 206
1653768962136 12.58376407623291 207
1653768962809 12.50527572631836 208
1653768963485 12.498551368713379 209
1653768964386 12.449456214904785 210
1653768965036 12.44031047821045 211
1653768965694 12.408851623535156 212
1653768966285 12.348292350769043 213
1653768967168 12.353647232055664 214
1653768967868 12.316584587097168 215
1653768968539 12.275954246520996 216
1653768969310 12.238146781921387 217
1653768970188 12.20075511932373 218
1653768970885 12.2093505859375 219
1653768971505 12.107929229736328 220
1653768972173 12.112298011779785 221
1653768972804 12.090799331665039 222
1653768973489 12.011643409729004 223
1653768974517 12.10307502746582 224
1653768975238 12.00053882598877 225
1653768975926 11.981415748596191 226
1653768976569 11.961376190185547 227
1653768977220 11.881158828735352 228
1653768978179 11.854308128356934 229
1653768979109 11.843086242675781 230
1653768979935 11.813875198364258 231
1653768980644 11.76368522644043 232
1653768981390 11.782882690429688 233
1653768982084 11.757295608520508 234
1653768983154 11.720505714416504 235
1653768983942 11.734843254089355 236
1653768984713 11.659461975097656 237
1653768985474 11.61958122253418 238
1653768986289 11.603076934814453 239
1653768987398 11.626516342163086 240
1653768988346 11.564000129699707 241
1653768989174 11.50733470916748 242
1653768989998 11.54046630859375 243
1653768990828 11.463098526000977 244
1653768991969 11.476426124572754 245
1653768992990 11.412761688232422 246
1653768993925 11.46093463897705 247
1653768994882 11.413805961608887 248
1653768995868 11.381982803344727 249
1653768996925 11.36157512664795 250
1653768998823 11.324865341186523 251
1653769000359 11.345200538635254 252
1653769001655 11.288617134094238 253
1653769002837 11.296560287475586 254
1653769003908 11.230796813964844 255
1653769005155 11.20322322845459 256
1653769006489 11.195876121520996 257
1653769007731 11.138134002685547 258
1653769009258 11.113463401794434 259
1653769010930 11.126483917236328 260
1653769012663 11.146078109741211 261
1653769014378 11.098673820495605 262
1653769015507 11.07547378540039 263
1653769016732 11.072455406188965 264
1653769017911 11.028730392456055 265
1653769018920 10.953511238098145 266
1653769020095 11.01796817779541 267
1653769021289 10.925450325012207 268
1653769022073 10.898322105407715 269
1653769022825 10.914806365966797 270
1653769023530 10.914145469665527 271
1653769024349 10.867549896240234 272
1653769025099 10.885976791381836 273
1653769025948 10.831944465637207 274
1653769026836 10.858428001403809 275
1653769027425 10.845396041870117 276
1653769028251 10.767916679382324 277
1653769029354 10.764527320861816 278
1653769030170 10.781892776489258 279
1653769030882 10.7592191696167 280
1653769031580 10.727738380432129 281
1653769032111 10.726401329040527 282
1653769032806 10.741355895996094 283
1653769033286 10.659939765930176 284
1653769033747 10.694215774536133 285
1653769034178 10.657722473144531 286
1653769034634 10.66533374786377 287
1653769035141 10.624624252319336 288
1653769035752 10.597224235534668 289
1653769036574 10.55976390838623 290
1653769037181 10.566210746765137 291
1653769037767 10.537858963012695 292
1653769038264 10.55790901184082 293
1653769038735 10.554708480834961 294
1653769039160 10.533082008361816 295
1653769039614 10.502172470092773 296
1653769040065 10.486376762390137 297
1653769040643 10.525436401367188 298
1653769041051 10.456509590148926 299
1653769041468 10.457066535949707 300
1653769041864 10.439261436462402 301
1653769042243 10.460408210754395 302
1653769042779 10.462410926818848 303
1653769043196 10.426958084106445 304
1653769043566 10.356024742126465 305
1653769043942 10.419564247131348 306
1653769044327 10.408987998962402 307
1653769044704 10.357687950134277 308
1653769045238 10.295994758605957 309
1653769045730 10.364312171936035 310
1653769046087 10.311457633972168 311
1653769046453 10.266283988952637 312
1653769046800 10.315686225891113 313
1653769047285 10.278614044189453 314
1653769047742 10.266937255859375 315
1653769048096 10.306071281433105 316
1653769048413 10.24992847442627 317
1653769048803 10.240828514099121 318
1653769049153 10.259116172790527 319
1653769049509 10.229456901550293 320
1653769050000 10.210365295410156 321
1653769050463 10.186666488647461 322
1653769050818 10.228697776794434 323
1653769051153 10.195236206054688 324
1653769051498 10.151294708251953 325
1653769051850 10.143860816955566 326
1653769052261 10.16283893585205 327
1653769052729 10.184504508972168 328
1653769053093 10.19711971282959 329
1653769053479 10.158636093139648 330
1653769053864 10.096039772033691 331
1653769054215 10.120140075683594 332
1653769054635 10.181620597839355 333
1653769055110 10.128973960876465 334
1653769055487 10.152876853942871 335
