1653788611819 0.6791349053382874 0
1653788613060 0.5966670513153076 1
1653788614363 0.5875484943389893 2
1653788615560 0.5832915902137756 3
1653788616804 0.5787622928619385 4
1653788618007 0.5771633386611938 5
1653788619246 0.5757725834846497 6
1653788620467 0.5755302309989929 7
1653788621721 0.5730401873588562 8
1653788623071 0.5711259841918945 9
1653788624654 0.5706306099891663 10
1653788626040 0.5706491470336914 11
1653788627273 0.5699700713157654 12
1653788628532 0.5686166286468506 13
1653788629915 0.5681915283203125 14
1653788631080 0.5680055022239685 15
1653788632257 0.56800377368927 16
1653788633402 0.5682550072669983 17
1653788634618 0.5672098994255066 18
1653788635758 0.5665439963340759 19
1653788636936 0.5675358772277832 20
1653788638124 0.5664429068565369 21
1653788639272 0.5667747855186462 22
1653788640404 0.5657921433448792 23
1653788641537 0.5649245977401733 24
1653788642731 0.5658239722251892 25
1653788643897 0.5674330592155457 26
1653788645074 0.5653212070465088 27
1653788646376 0.563777506351471 28
1653788647532 0.5647880434989929 29
1653788648692 0.5633180141448975 30
1653788649921 0.5618467926979065 31
1653788651135 0.5626059770584106 32
1653788652270 0.5611419677734375 33
1653788653639 0.564103901386261 34
1653788655358 0.5601896643638611 35
1653788656601 0.5610162615776062 36
1653788673129 0.5674330592155457 37
1653788675638 7.397914591906727 0
