1653777791898 28.328472137451172 0
1653777792268 27.563928604125977 1
1653777792619 26.542842864990234 2
1653777792981 25.59279441833496 3
1653777793345 24.838449478149414 4
1653777793701 24.171262741088867 5
1653777794054 23.589385986328125 6
1653777794404 23.130535125732422 7
1653777794754 22.678279876708984 8
1653777795106 22.400657653808594 9
1653777795448 22.061342239379883 10
1653777795794 21.80704689025879 11
1653777796139 21.442153930664062 12
1653777796483 21.18129539489746 13
1653777796832 20.88023567199707 14
1653777797240 20.67111587524414 15
1653777797607 20.418079376220703 16
1653777797961 20.175556182861328 17
1653777798303 19.95001983642578 18
1653777798652 19.6885986328125 19
1653777798994 19.500457763671875 20
1653777799329 19.253910064697266 21
1653777799674 19.08327293395996 22
1653777800023 18.892248153686523 23
1653777800369 18.70270538330078 24
1653777800726 18.47458839416504 25
1653777801073 18.288753509521484 26
1653777801427 18.16226577758789 27
1653777801766 17.931365966796875 28
1653777802117 17.753427505493164 29
1653777802458 17.51881980895996 30
1653777802796 17.300981521606445 31
1653777803139 17.248214721679688 32
1653777803484 17.021448135375977 33
1653777803835 16.82630157470703 34
1653777804184 16.634845733642578 35
1653777804580 16.454137802124023 36
1653777804930 16.29703712463379 37
1653777805280 16.14793586730957 38
1653777805626 15.971023559570312 39
1653777805967 15.80780029296875 40
1653777806303 15.666794776916504 41
1653777806651 15.468118667602539 42
1653777806993 15.373517990112305 43
1653777807335 15.162639617919922 44
1653777807687 14.980340003967285 45
1653777808030 14.857178688049316 46
1653777808386 14.637242317199707 47
1653777808742 14.548649787902832 48
1653777809098 14.402048110961914 49
1653777809450 14.256379127502441 50
1653777809796 14.104247093200684 51
1653777810139 13.924381256103516 52
1653777810483 13.789140701293945 53
1653777810835 13.660453796386719 54
1653777811181 13.559102058410645 55
1653777811569 13.399886131286621 56
1653777811920 13.22976016998291 57
1653777812260 13.194856643676758 58
1653777812607 13.043383598327637 59
1653777812961 12.951144218444824 60
1653777813317 12.778100967407227 61
1653777813671 12.660743713378906 62
1653777814017 12.618997573852539 63
1653777814357 12.515774726867676 64
1653777814704 12.421624183654785 65
1653777815041 12.296051025390625 66
1653777815384 12.085692405700684 67
1653777815731 12.08077335357666 68
1653777816090 12.010992050170898 69
1653777816441 11.893068313598633 70
1653777816818 11.8687162399292 71
1653777817186 11.672113418579102 72
1653777817687 11.701688766479492 73
1653777818115 11.549025535583496 74
1653777818556 11.500636100769043 75
1653777818967 11.380721092224121 76
1653777819388 11.376707077026367 77
1653777819766 11.253250122070312 78
1653777820140 11.200395584106445 79
1653777820527 11.039016723632812 80
1653777820891 10.988638877868652 81
1653777821281 11.021260261535645 82
1653777821689 10.898992538452148 83
1653777822092 10.86994457244873 84
1653777822484 10.734430313110352 85
1653777822827 10.724311828613281 86
1653777823190 10.642239570617676 87
1653777823524 10.59528923034668 88
1653777823867 10.479543685913086 89
1653777824207 10.475223541259766 90
1653777824600 10.455225944519043 91
1653777824934 10.439679145812988 92
1653777825284 10.225775718688965 93
1653777825639 10.238661766052246 94
1653777825969 10.255581855773926 95
1653777826304 10.161588668823242 96
1653777826636 10.156890869140625 97
1653777826974 10.082509994506836 98
1653777841459 10.225775718688965 99
