1653777280107 28.504972457885742 0
1653777280542 28.324594497680664 1
1653777280902 28.1395320892334 2
1653777281268 27.92078971862793 3
1653777281591 27.654329299926758 4
1653777281903 27.313457489013672 5
1653777282188 26.944032669067383 6
1653777282489 26.613351821899414 7
1653777282782 26.256725311279297 8
1653777283075 25.9516544342041 9
1653777283371 25.653528213500977 10
1653777283675 25.471542358398438 11
1653777283970 25.180191040039062 12
1653777284263 25.029451370239258 13
1653777284569 24.784299850463867 14
1653777284861 24.6690616607666 15
1653777285193 24.534507751464844 16
1653777285527 24.326553344726562 17
1653777285856 24.19135284423828 18
1653777286150 24.044830322265625 19
1653777286455 23.94407081604004 20
1653777286744 23.830158233642578 21
1653777287041 23.699201583862305 22
1653777287334 23.608421325683594 23
1653777287652 23.432878494262695 24
1653777287941 23.346467971801758 25
1653777288226 23.206174850463867 26
1653777288515 23.0592041015625 27
1653777288800 22.996095657348633 28
1653777289092 22.868633270263672 29
1653777289386 22.83264923095703 30
1653777289679 22.650285720825195 31
1653777289978 22.556800842285156 32
1653777290272 22.487781524658203 33
1653777290571 22.408111572265625 34
1653777290861 22.290639877319336 35
1653777291157 22.226633071899414 36
1653777291495 22.041078567504883 37
1653777291814 21.947019577026367 38
1653777292114 21.851058959960938 39
1653777292421 21.748186111450195 40
1653777292718 21.742937088012695 41
1653777293018 21.648242950439453 42
1653777293306 21.548412322998047 43
1653777293610 21.522918701171875 44
1653777294103 21.450098037719727 45
1653777294436 21.366029739379883 46
1653777294722 21.26603126525879 47
1653777295031 21.15898895263672 48
1653777295327 21.072528839111328 49
1653777295627 21.075122833251953 50
1653777295914 21.01665687561035 51
1653777296211 20.876794815063477 52
1653777296510 20.802976608276367 53
1653777296796 20.59222984313965 54
1653777297081 20.617965698242188 55
1653777297377 20.461387634277344 56
1653777297708 20.503402709960938 57
1653777297989 20.400005340576172 58
1653777298311 20.34532928466797 59
1653777298624 20.226848602294922 60
1653777298912 20.20686149597168 61
1653777299201 20.150514602661133 62
1653777299496 20.0916748046875 63
1653777299791 20.01129150390625 64
1653777300084 19.93029022216797 65
1653777300398 19.870344161987305 66
1653777300694 19.8211612701416 67
1653777301017 19.659698486328125 68
1653777301320 19.67746353149414 69
1653777301620 19.473155975341797 70
1653777301919 19.51121711730957 71
1653777302227 19.409658432006836 72
1653777302798 19.38408851623535 73
1653777303108 19.315074920654297 74
1653777303414 19.2247257232666 75
1653777303957 19.106340408325195 76
1653777304263 19.138151168823242 77
1653777304550 19.089168548583984 78
1653777305115 18.926496505737305 79
1653777305421 18.839855194091797 80
1653777305728 18.749914169311523 81
1653777306017 18.842607498168945 82
1653777306338 18.71568489074707 83
1653777306642 18.634763717651367 84
1653777306927 18.595643997192383 85
1653777307225 18.528331756591797 86
1653777307515 18.363819122314453 87
1653777307818 18.488386154174805 88
1653777308102 18.303918838500977 89
1653777308393 18.28502655029297 90
1653777308689 18.253936767578125 91
1653777308984 18.189353942871094 92
1653777309277 18.057832717895508 93
1653777309569 18.061397552490234 94
1653777309867 17.941213607788086 95
1653777310161 17.953929901123047 96
1653777310454 17.784412384033203 97
1653777310748 17.796876907348633 98
1653777311045 17.703327178955078 99
1653777311339 17.729969024658203 100
1653777311637 17.627464294433594 101
1653777311928 17.50880241394043 102
1653777312255 17.49518394470215 103
1653777312552 17.31593894958496 104
1653777312835 17.412506103515625 105
1653777313126 17.271623611450195 106
1653777313448 17.224281311035156 107
1653777313753 17.33080291748047 108
1653777314069 17.10654067993164 109
1653777314382 17.072925567626953 110
1653777314682 17.00090217590332 111
1653777314977 16.985883712768555 112
1653777315283 17.026981353759766 113
1653777315587 16.74859046936035 114
1653777315882 16.84626579284668 115
1653777316174 16.68406867980957 116
1653777316470 16.586563110351562 117
1653777316759 16.669706344604492 118
1653777317050 16.537120819091797 119
1653777317358 16.632808685302734 120
1653777317658 16.50789451599121 121
1653777317950 16.485212326049805 122
1653777318271 16.353939056396484 123
1653777318586 16.32050132751465 124
1653777318911 16.32771110534668 125
1653777319201 16.012683868408203 126
1653777319528 16.2354793548584 127
1653777319830 16.114559173583984 128
1653777320123 16.063310623168945 129
1653777320428 15.893794059753418 130
1653777320724 15.947826385498047 131
1653777321073 15.937649726867676 132
1653777321376 15.779485702514648 133
1653777321683 15.741884231567383 134
1653777321972 15.682698249816895 135
1653777322272 15.646713256835938 136
1653777322581 15.638428688049316 137
1653777322872 15.548149108886719 138
1653777323173 15.534073829650879 139
1653777323467 15.377240180969238 140
1653777323764 15.415897369384766 141
1653777324066 15.384358406066895 142
1653777324371 15.113312721252441 143
1653777324680 15.048761367797852 144
1653777324987 15.250839233398438 145
1653777325335 15.041117668151855 146
1653777325665 15.047093391418457 147
1653777325955 15.053513526916504 148
1653777326271 15.0790376663208 149
1653777326579 15.085394859313965 150
1653777326870 14.908751487731934 151
1653777327159 14.658409118652344 152
1653777327487 14.733552932739258 153
1653777327792 14.639080047607422 154
1653777328077 14.83060359954834 155
1653777328400 14.687471389770508 156
1653777328699 14.50035285949707 157
1653777329017 14.55810546875 158
1653777329316 14.486716270446777 159
1653777329626 14.348129272460938 160
1653777329919 14.495141983032227 161
1653777330220 14.323680877685547 162
1653777330544 14.151975631713867 163
1653777330865 14.209026336669922 164
1653777331183 14.268959045410156 165
1653777331478 14.226511001586914 166
1653777331773 14.008932113647461 167
1653777332064 14.084028244018555 168
1653777332383 14.048630714416504 169
1653777332718 13.89852237701416 170
1653777333005 13.890514373779297 171
1653777333292 13.961379051208496 172
1653777333605 13.805303573608398 173
1653777333898 13.764992713928223 174
1653777334211 13.763310432434082 175
1653777334511 13.787672996520996 176
1653777334803 13.667803764343262 177
1653777335114 13.681933403015137 178
1653777335401 13.77754020690918 179
1653777335697 13.558874130249023 180
1653777335993 13.561470985412598 181
1653777336290 13.606928825378418 182
1653777336582 13.479496002197266 183
1653777336866 13.41109848022461 184
1653777337166 13.416679382324219 185
1653777337505 13.3302001953125 186
1653777337804 13.268208503723145 187
1653777338091 13.322073936462402 188
1653777338383 13.339068412780762 189
1653777338685 13.219268798828125 190
1653777338978 13.105530738830566 191
1653777339280 13.205426216125488 192
1653777339632 13.044417381286621 193
1653777339931 12.822022438049316 194
1653777340233 12.96365737915039 195
1653777340609 12.925708770751953 196
1653777340904 12.972972869873047 197
1653777341198 13.008015632629395 198
1653777341502 12.82089614868164 199
1653777341818 12.743317604064941 200
1653777342117 12.824511528015137 201
1653777342445 12.656578063964844 202
1653777342741 12.696403503417969 203
1653777343035 12.592596054077148 204
1653777343331 12.608563423156738 205
1653777343634 12.580564498901367 206
1653777343961 12.580580711364746 207
1653777344267 12.536917686462402 208
1653777344574 12.594013214111328 209
1653777344889 12.514918327331543 210
1653777345179 12.41244888305664 211
1653777345481 12.392495155334473 212
1653777345774 12.305451393127441 213
1653777346076 12.375459671020508 214
1653777346372 12.261641502380371 215
1653777346710 12.411162376403809 216
1653777347001 12.24114990234375 217
1653777347300 12.267407417297363 218
1653777347594 12.289310455322266 219
1653777347902 12.168070793151855 220
1653777348228 11.902769088745117 221
1653777348524 11.967764854431152 222
1653777348825 12.016020774841309 223
1653777349170 11.958290100097656 224
1653777349472 12.052306175231934 225
1653777349767 11.94871711730957 226
1653777350067 11.858298301696777 227
1653777350363 11.883441925048828 228
1653777350663 11.893522262573242 229
1653777350963 11.780646324157715 230
1653777351263 11.729439735412598 231
1653777351555 11.674903869628906 232
1653777351846 11.712453842163086 233
1653777352140 11.752908706665039 234
1653777352435 11.807779312133789 235
1653777352740 11.574339866638184 236
1653777353064 11.683225631713867 237
1653777353417 11.591774940490723 238
1653777353721 11.599801063537598 239
1653777354013 11.550702095031738 240
1653777354306 11.532417297363281 241
1653777354610 11.550273895263672 242
1653777354903 11.396513938903809 243
1653777355191 11.544439315795898 244
1653777355510 11.323342323303223 245
1653777355813 11.394428253173828 246
1653777356122 11.46535873413086 247
1653777356420 11.41944694519043 248
1653777356718 11.249895095825195 249
1653777357012 11.340991973876953 250
1653777357309 11.287405967712402 251
1653777357614 11.268023490905762 252
1653777357902 11.352697372436523 253
1653777358191 11.265869140625 254
1653777358484 11.05717945098877 255
1653777358774 11.247014999389648 256
1653777359065 11.154629707336426 257
1653777359392 11.15454387664795 258
1653777359694 11.119627952575684 259
1653777360014 11.150259017944336 260
1653777360311 10.98022747039795 261
1653777360615 11.069292068481445 262
1653777360918 10.91746997833252 263
1653777361253 10.886317253112793 264
1653777361563 10.942864418029785 265
1653777361854 10.980331420898438 266
1653777362176 10.848491668701172 267
1653777362508 10.99229907989502 268
1653777362802 10.941034317016602 269
1653777363104 11.006824493408203 270
1653777363408 10.852811813354492 271
1653777363704 10.746513366699219 272
1653777363999 10.893603324890137 273
1653777364315 10.841167449951172 274
1653777364613 10.671598434448242 275
1653777364911 10.839823722839355 276
1653777365215 10.749724388122559 277
1653777365535 10.87862491607666 278
1653777365838 10.607269287109375 279
1653777366141 10.757243156433105 280
1653777366463 10.680633544921875 281
1653777366765 10.838446617126465 282
1653777367058 10.596619606018066 283
1653777367365 10.635409355163574 284
1653777367678 10.520193099975586 285
1653777367966 10.649764060974121 286
1653777368259 10.534431457519531 287
1653777368568 10.541228294372559 288
1653777368857 10.505245208740234 289
1653777369148 10.47124195098877 290
1653777369446 10.519514083862305 291
1653777369738 10.6179780960083 292
1653777382359 10.534431457519531 293
