1653783134851 0.753690779209137 0
1653783136091 0.706709086894989 1
1653783137340 0.6622146368026733 2
1653783138523 0.6305363774299622 3
1653783139679 0.6222413182258606 4
1653783140866 0.6258673667907715 5
1653783142070 0.6192495226860046 6
1653783143286 0.6181488037109375 7
1653783144458 0.6055991053581238 8
1653783145611 0.6029893755912781 9
1653783146785 0.6003060340881348 10
1653783147939 0.5985037088394165 11
1653783149109 0.59599369764328 12
1653783150272 0.5952243804931641 13
1653783151477 0.5907268524169922 14
1653783152671 0.5909199714660645 15
1653783153828 0.5911051034927368 16
1653783154975 0.5901245474815369 17
1653783156128 0.588276207447052 18
1653783157436 0.5860854983329773 19
1653783158636 0.5874127745628357 20
1653783159960 0.5889133214950562 21
1653783161196 0.5849421620368958 22
1653783162497 0.5845584869384766 23
1653783163709 0.5845008492469788 24
1653783164882 0.5807203054428101 25
1653783166201 0.579923152923584 26
1653783167442 0.5791910290718079 27
1653783168693 0.5786199569702148 28
1653783169828 0.5808946490287781 29
1653783178794 0.5860854983329773 30
