1653777030868 28.509376525878906 0
1653777031188 28.360626220703125 1
1653777031491 28.20681381225586 2
1653777031800 28.01421546936035 3
1653777032093 27.770641326904297 4
1653777032423 27.449556350708008 5
1653777032729 27.094715118408203 6
1653777033082 26.709802627563477 7
1653777033394 26.345211029052734 8
1653777033713 25.986886978149414 9
1653777034011 25.70393943786621 10
1653777034336 25.44906234741211 11
1653777034659 25.207487106323242 12
1653777034967 25.00804901123047 13
1653777035320 24.831174850463867 14
1653777035615 24.670841217041016 15
1653777035917 24.512939453125 16
1653777036214 24.349943161010742 17
1653777036508 24.191389083862305 18
1653777036832 24.04380226135254 19
1653777037147 23.91676139831543 20
1653777037500 23.78652572631836 21
1653777037795 23.649490356445312 22
1653777038097 23.529783248901367 23
1653777038382 23.432628631591797 24
1653777038671 23.305397033691406 25
1653777038958 23.18988609313965 26
1653777039281 23.07850456237793 27
1653777039598 22.981786727905273 28
1653777039906 22.841596603393555 29
1653777040221 22.754079818725586 30
1653777040545 22.664749145507812 31
1653777040909 22.562593460083008 32
1653777041248 22.465755462646484 33
1653777041572 22.350528717041016 34
1653777041871 22.269729614257812 35
1653777042247 22.173931121826172 36
1653777042664 22.062498092651367 37
1653777043234 21.99454689025879 38
1653777043624 21.89992332458496 39
1653777043964 21.7939395904541 40
1653777044305 21.714704513549805 41
1653777044627 21.638206481933594 42
1653777044936 21.550477981567383 43
1653777045329 21.47629165649414 44
1653777045635 21.383602142333984 45
1653777045973 21.289464950561523 46
1653777046340 21.22663116455078 47
1653777046722 21.152151107788086 48
1653777047021 21.074308395385742 49
1653777047311 20.969629287719727 50
1653777047623 20.910768508911133 51
1653777047922 20.83183479309082 52
1653777048241 20.75294303894043 53
1653777048552 20.68369483947754 54
1653777048865 20.57830810546875 55
1653777049158 20.5541934967041 56
1653777049471 20.466461181640625 57
1653777049762 20.384315490722656 58
1653777050049 20.3214168548584 59
1653777050358 20.21923065185547 60
1653777050707 20.17163848876953 61
1653777051007 20.103105545043945 62
1653777051306 20.055212020874023 63
1653777051608 19.972171783447266 64
1653777051901 19.849435806274414 65
1653777052198 19.819673538208008 66
1653777052517 19.743629455566406 67
1653777052806 19.680341720581055 68
1653777053124 19.594253540039062 69
1653777053426 19.560014724731445 70
1653777053724 19.469093322753906 71
1653777054014 19.43106460571289 72
1653777054332 19.363943099975586 73
1653777054643 19.297672271728516 74
1653777054942 19.20957374572754 75
1653777055234 19.153146743774414 76
1653777055551 19.087696075439453 77
1653777055844 19.011476516723633 78
1653777056143 18.972076416015625 79
1653777056439 18.88644027709961 80
1653777056737 18.848318099975586 81
1653777057055 18.787038803100586 82
1653777057355 18.737361907958984 83
1653777057695 18.63869857788086 84
1653777057981 18.608327865600586 85
1653777058272 18.541179656982422 86
1653777058570 18.44805335998535 87
1653777058877 18.41603660583496 88
1653777059172 18.35918617248535 89
1653777059468 18.315824508666992 90
1653777059761 18.233245849609375 91
1653777060052 18.1678409576416 92
1653777060343 18.117599487304688 93
1653777060644 18.07807159423828 94
1653777060931 17.989376068115234 95
1653777061227 17.9263916015625 96
1653777061519 17.865036010742188 97
1653777061806 17.7868595123291 98
1653777062135 17.759687423706055 99
1653777062466 17.679609298706055 100
1653777062764 17.618356704711914 101
1653777063118 17.61710548400879 102
1653777063469 17.539073944091797 103
1653777063814 17.461063385009766 104
1653777064112 17.424726486206055 105
1653777064415 17.35210418701172 106
1653777064708 17.306005477905273 107
1653777065007 17.25762176513672 108
1653777065359 17.162992477416992 109
1653777065660 17.122222900390625 110
1653777065942 17.07149887084961 111
1653777066233 16.982473373413086 112
1653777066534 16.928659439086914 113
1653777066846 16.885028839111328 114
1653777067132 16.831605911254883 115
1653777067428 16.743328094482422 116
1653777067755 16.722108840942383 117
1653777068062 16.628488540649414 118
1653777068411 16.59043312072754 119
1653777068716 16.56671142578125 120
1653777069016 16.509559631347656 121
1653777069309 16.45347023010254 122
1653777069614 16.410930633544922 123
1653777069941 16.384592056274414 124
1653777070276 16.314123153686523 125
1653777070588 16.255224227905273 126
1653777070901 16.199283599853516 127
1653777071204 16.138635635375977 128
1653777071555 16.04407501220703 129
1653777071850 16.04534149169922 130
1653777072179 15.957563400268555 131
1653777072490 15.88968563079834 132
1653777072800 15.872722625732422 133
1653777073125 15.800980567932129 134
1653777073432 15.786064147949219 135
1653777073759 15.699270248413086 136
1653777074095 15.63219928741455 137
1653777074403 15.613821983337402 138
1653777074746 15.531580924987793 139
1653777075070 15.52492904663086 140
1653777075399 15.426812171936035 141
1653777075713 15.421769142150879 142
1653777076003 15.361294746398926 143
1653777076300 15.28542423248291 144
1653777076606 15.218399047851562 145
1653777076922 15.169462203979492 146
1653777077241 15.103646278381348 147
1653777077556 15.119437217712402 148
1653777077875 15.03724479675293 149
1653777078191 14.955233573913574 150
1653777078511 14.948501586914062 151
1653777078991 14.882075309753418 152
1653777079308 14.868953704833984 153
1653777079621 14.77938461303711 154
1653777079953 14.777820587158203 155
1653777080257 14.709457397460938 156
1653777080577 14.620731353759766 157
1653777080889 14.596824645996094 158
1653777081197 14.559088706970215 159
1653777081511 14.499801635742188 160
1653777081830 14.433785438537598 161
1653777082233 14.393853187561035 162
1653777082546 14.372023582458496 163
1653777082858 14.33071231842041 164
1653777083165 14.260313987731934 165
1653777083481 14.227455139160156 166
1653777083797 14.183938980102539 167
1653777084108 14.173731803894043 168
1653777084423 14.106572151184082 169
1653777084729 14.06942081451416 170
1653777085040 13.994873046875 171
1653777085356 14.019850730895996 172
1653777085662 13.925454139709473 173
1653777085995 13.837181091308594 174
1653777086304 13.848259925842285 175
1653777086628 13.807897567749023 176
1653777086934 13.749217987060547 177
1653777087273 13.711861610412598 178
1653777087583 13.671429634094238 179
1653777087889 13.64249324798584 180
1653777088196 13.594767570495605 181
1653777088505 13.525765419006348 182
1653777088817 13.49704647064209 183
1653777089124 13.505387306213379 184
1653777089428 13.409128189086914 185
1653777089739 13.38215160369873 186
1653777090039 13.338485717773438 187
1653777090347 13.315385818481445 188
1653777090658 13.267783164978027 189
1653777090971 13.20080280303955 190
1653777091286 13.226633071899414 191
1653777091596 13.152864456176758 192
1653777091908 13.12101936340332 193
1653777092251 13.083038330078125 194
1653777092565 13.036199569702148 195
1653777092878 13.028191566467285 196
1653777093193 12.973527908325195 197
1653777093497 12.921967506408691 198
1653777093820 12.908002853393555 199
1653777094126 12.881918907165527 200
1653777094435 12.83816909790039 201
1653777094752 12.817608833312988 202
1653777095056 12.772599220275879 203
1653777095375 12.71919059753418 204
1653777095703 12.73076343536377 205
1653777096017 12.678670883178711 206
1653777096331 12.635009765625 207
1653777096647 12.58541488647461 208
1653777096998 12.589707374572754 209
1653777097315 12.55827808380127 210
1653777097669 12.483994483947754 211
1653777097979 12.45711898803711 212
1653777098285 12.429591178894043 213
1653777098595 12.469306945800781 214
1653777098904 12.3350248336792 215
1653777099213 12.312506675720215 216
1653777099532 12.363500595092773 217
1653777099844 12.292062759399414 218
1653777100159 12.253398895263672 219
1653777100478 12.248509407043457 220
1653777100786 12.193126678466797 221
1653777101097 12.133974075317383 222
1653777101409 12.088668823242188 223
1653777101765 12.106062889099121 224
1653777102084 12.08106803894043 225
1653777102392 12.035110473632812 226
1653777102706 12.001304626464844 227
1653777103027 11.942843437194824 228
1653777103346 11.961973190307617 229
1653777103658 11.892950057983398 230
1653777103990 11.8746337890625 231
1653777104294 11.876225471496582 232
1653777104622 11.843558311462402 233
1653777104943 11.81324577331543 234
1653777105251 11.793601989746094 235
1653777105571 11.759988784790039 236
1653777105877 11.685544967651367 237
1653777106237 11.699040412902832 238
1653777106557 11.662213325500488 239
1653777106866 11.663894653320312 240
1653777107176 11.642720222473145 241
1653777107482 11.641402244567871 242
1653777107796 11.628621101379395 243
1653777108106 11.589936256408691 244
1653777108414 11.527928352355957 245
1653777108727 11.524834632873535 246
1653777109046 11.510244369506836 247
1653777109356 11.448573112487793 248
1653777109669 11.440144538879395 249
1653777110024 11.441983222961426 250
1653777110332 11.399121284484863 251
1653777110648 11.371237754821777 252
1653777110970 11.291193008422852 253
1653777111299 11.290328025817871 254
1653777111604 11.306292533874512 255
1653777111925 11.307552337646484 256
1653777112237 11.242355346679688 257
1653777112553 11.236056327819824 258
1653777112862 11.188785552978516 259
1653777113169 11.191469192504883 260
1653777113474 11.17239761352539 261
1653777113786 11.063131332397461 262
1653777114095 11.16031265258789 263
1653777114409 11.129276275634766 264
1653777114763 11.08962631225586 265
1653777115070 11.102235794067383 266
1653777115387 11.070496559143066 267
1653777115699 11.0073881149292 268
1653777116013 10.99958324432373 269
1653777116329 11.008278846740723 270
1653777116766 10.994796752929688 271
1653777117233 10.91623592376709 272
1653777117550 10.95942211151123 273
1653777117870 10.937060356140137 274
1653777118175 10.882345199584961 275
1653777118503 10.867929458618164 276
1653777118815 10.853812217712402 277
1653777119120 10.837259292602539 278
1653777119438 10.855956077575684 279
1653777119800 10.836320877075195 280
1653777120108 10.827249526977539 281
1653777120419 10.792967796325684 282
1653777120736 10.743474006652832 283
1653777121045 10.709623336791992 284
1653777121383 10.739081382751465 285
1653777121718 10.71373462677002 286
1653777122043 10.724933624267578 287
1653777122354 10.71615219116211 288
1653777122669 10.688170433044434 289
1653777122977 10.681193351745605 290
1653777123290 10.654387474060059 291
1653777123599 10.626252174377441 292
1653777123907 10.648818969726562 293
1653777124266 10.652256965637207 294
1653777124573 10.592918395996094 295
1653777124881 10.596435546875 296
1653777125192 10.599079132080078 297
1653777125503 10.537282943725586 298
1653777125816 10.563355445861816 299
1653777126127 10.51640796661377 300
1653777126446 10.508309364318848 301
1653777126760 10.515069007873535 302
1653777127066 10.507542610168457 303
1653777127387 10.491205215454102 304
1653777127707 10.475536346435547 305
1653777128065 10.453178405761719 306
1653777143710 10.508309364318848 307
