1653789112122 0.6791349053382874 0
1653789113363 0.5966670513153076 1
1653789114712 0.5875484943389893 2
1653789116036 0.5832915902137756 3
1653789117336 0.5787622928619385 4
1653789118543 0.5771633386611938 5
1653789119697 0.5757725834846497 6
1653789120858 0.5755302309989929 7
1653789122071 0.5730401873588562 8
1653789123324 0.5711259841918945 9
1653789124465 0.5706306099891663 10
1653789125695 0.5706491470336914 11
1653789126836 0.5699700713157654 12
1653789127990 0.5686166286468506 13
1653789129196 0.5681915283203125 14
1653789130342 0.5680055022239685 15
1653789131495 0.56800377368927 16
1653789132681 0.5682550072669983 17
1653789133823 0.5672098994255066 18
1653789134961 0.5665439963340759 19
1653789136131 0.5675358772277832 20
1653789137280 0.5664429068565369 21
1653789138435 0.5667747855186462 22
1653789139583 0.5657921433448792 23
1653789140746 0.5649245977401733 24
1653789141900 0.5658239722251892 25
1653789143055 0.5674330592155457 26
1653789144192 0.5653212070465088 27
1653789145372 0.563777506351471 28
1653789146704 0.5647880434989929 29
1653789147843 0.5633180141448975 30
1653789148990 0.5618467926979065 31
1653789150141 0.5626059770584106 32
1653789151312 0.5611419677734375 33
1653789152532 0.564103901386261 34
1653789153675 0.5601896643638611 35
1653789154830 0.5610162615776062 36
1653789167715 0.5674330592155457 37
