1653965366472 0.32823285460472107 0
1653965434013 0.2370881587266922 1
1653965498575 0.20187894999980927 2
1653965557462 0.18497499823570251 3
1653965619447 0.1753653883934021 4
1653965683707 0.17095114290714264 5
1653965748773 0.166520893573761 6
1653965813207 0.1623765081167221 7
1653965873941 0.16049958765506744 8
1653965932818 0.15904515981674194 9
1653965993245 0.14550939202308655 10
1653966058330 0.12777848541736603 11
1653966121071 0.12169638276100159 12
1653966184476 0.12114634364843369 13
1653966239484 0.11997427046298981 14
1653966301492 0.12028905749320984 15
1653966362664 0.11954168230295181 16
1653966414021 0.11957535147666931 17
1653966475533 0.118820421397686 18
1653966538872 0.11920449137687683 19
1653966587617 0.1193738579750061 20
1653966648303 0.11887440830469131 21
1653966711365 0.1193256676197052 22
1653966760663 0.11873532831668854 23
1653966817074 0.11864805966615677 24
1653966873348 0.11788608133792877 25
1653966932890 0.11823663115501404 26
1653966941177 0.11954168230295181 27
