1653786235378 0.6791349053382874 0
1653786236603 0.5966670513153076 1
1653786237888 0.5875484943389893 2
1653786239090 0.5832915902137756 3
1653786240284 0.5787622928619385 4
1653786241483 0.5771633386611938 5
1653786242740 0.5757725834846497 6
1653786244003 0.5755302309989929 7
1653786245250 0.5730401873588562 8
1653786246431 0.5711259841918945 9
1653786247676 0.5706306099891663 10
1653786248891 0.5706491470336914 11
1653786250085 0.5699700713157654 12
1653786251332 0.5686166286468506 13
1653786252566 0.5681915283203125 14
1653786253807 0.5680055022239685 15
1653786255009 0.56800377368927 16
1653786256213 0.5682550072669983 17
1653786257464 0.5672098994255066 18
1653786258681 0.5665439963340759 19
1653786259878 0.5675358772277832 20
1653786261073 0.5664429068565369 21
1653786262277 0.5667747855186462 22
1653786263498 0.5657921433448792 23
1653786264751 0.5649245977401733 24
1653786265986 0.5658239722251892 25
1653786267194 0.5674330592155457 26
1653786268422 0.5653212070465088 27
1653786269651 0.563777506351471 28
1653786270872 0.5647880434989929 29
1653786272061 0.5633180141448975 30
1653786273271 0.5618467926979065 31
1653786274859 0.5626059770584106 32
1653786276407 0.5611419677734375 33
1653786277700 0.564103901386261 34
1653786279003 0.5601896643638611 35
1653786280301 0.5610162615776062 36
1653786297354 0.5674330592155457 37
