1653825663481 0.7394163012504578 0
1653825664665 0.6629160642623901 1
1653825665857 0.6293361783027649 2
1653825667018 0.6163522601127625 3
1653825668240 0.6075791716575623 4
1653825669436 0.608627438545227 5
1653825670615 0.6045226454734802 6
1653825671842 0.6046345233917236 7
1653825673046 0.5987521409988403 8
1653825674257 0.5940157771110535 9
1653825675424 0.595511257648468 10
1653825676593 0.5965524911880493 11
1653825677918 0.5929626226425171 12
1653825679119 0.5891321897506714 13
1653825680295 0.5922966003417969 14
1653825681468 0.5849350690841675 15
1653825682721 0.5893917083740234 16
1653825683955 0.5873478055000305 17
1653825685079 0.5860623121261597 18
1653825686292 0.5879630446434021 19
1653825687752 0.5884893536567688 20
1653825689166 0.5827516913414001 21
1653825690515 0.5819419622421265 22
1653825691925 0.5831114649772644 23
1653825693221 0.5860286355018616 24
1653825694437 0.5834805369377136 25
1653825695734 0.5793764591217041 26
1653825696834 0.5801016092300415 27
1653825716015 0.5873478055000305 28
