1653773212837 28.584632873535156 0
1653773213157 28.407325744628906 1
1653773213465 28.236980438232422 2
1653773213776 28.07002067565918 3
1653773214088 27.906572341918945 4
1653773214429 27.72059440612793 5
1653773214756 27.51869010925293 6
1653773215068 27.294633865356445 7
1653773215372 27.05939292907715 8
1653773215687 26.806324005126953 9
1653773215996 26.542388916015625 10
1653773216299 26.29679298400879 11
1653773216603 26.0596981048584 12
1653773216931 25.863100051879883 13
1653773217252 25.677425384521484 14
1653773217647 25.501876831054688 15
1653773217953 25.333879470825195 16
1653773218260 25.163877487182617 17
1653773218566 25.008176803588867 18
1653773218865 24.853527069091797 19
1653773219169 24.69426155090332 20
1653773219480 24.556407928466797 21
1653773219783 24.391145706176758 22
1653773220085 24.236371994018555 23
1653773220391 24.11185646057129 24
1653773220699 23.970867156982422 25
1653773221000 23.865840911865234 26
1653773221301 23.745662689208984 27
1653773221606 23.611431121826172 28
1653773222136 23.489097595214844 29
1653773222471 23.392135620117188 30
1653773222775 23.272403717041016 31
1653773223081 23.156982421875 32
1653773223381 23.062894821166992 33
1653773223691 22.946147918701172 34
1653773223992 22.858633041381836 35
1653773224296 22.75105094909668 36
1653773224619 22.664899826049805 37
1653773224917 22.574459075927734 38
1653773225224 22.48065185546875 39
1653773225541 22.35887908935547 40
1653773225852 22.3033504486084 41
1653773226151 22.185955047607422 42
1653773226461 22.13638687133789 43
1653773226765 22.03672218322754 44
1653773227074 21.925140380859375 45
1653773227375 21.862468719482422 46
1653773227679 21.769922256469727 47
1653773228031 21.6861572265625 48
1653773228332 21.586437225341797 49
1653773228638 21.503835678100586 50
1653773228940 21.433944702148438 51
1653773229233 21.35294532775879 52
1653773229552 21.28238296508789 53
1653773229857 21.162294387817383 54
1653773230154 21.13377571105957 55
1653773230454 21.053956985473633 56
1653773230755 20.96250343322754 57
1653773231057 20.896595001220703 58
1653773231360 20.842411041259766 59
1653773231677 20.754005432128906 60
1653773231979 20.691003799438477 61
1653773232283 20.612337112426758 62
1653773232592 20.52596664428711 63
1653773232893 20.474374771118164 64
1653773233211 20.395587921142578 65
1653773233523 20.331867218017578 66
1653773233867 20.240650177001953 67
1653773234176 20.17803955078125 68
1653773234482 20.0863094329834 69
1653773234787 20.061153411865234 70
1653773235095 19.918916702270508 71
1653773235396 19.943910598754883 72
1653773235696 19.850454330444336 73
1653773236000 19.789352416992188 74
1653773236297 19.700172424316406 75
1653773236608 19.636369705200195 76
1653773236908 19.581701278686523 77
1653773237204 19.498035430908203 78
1653773237505 19.42669677734375 79
1653773237814 19.383014678955078 80
1653773238112 19.337730407714844 81
1653773238410 19.22653579711914 82
1653773238716 19.178165435791016 83
1653773239017 19.118995666503906 84
1653773239321 19.04475212097168 85
1653773239626 18.99736785888672 86
1653773239929 18.9334716796875 87
1653773240271 18.8769474029541 88
1653773240581 18.834524154663086 89
1653773240883 18.74188804626465 90
1653773241187 18.678165435791016 91
1653773241490 18.621171951293945 92
1653773241795 18.554885864257812 93
1653773242096 18.495386123657227 94
1653773242404 18.4293270111084 95
1653773242704 18.383127212524414 96
1653773243006 18.310277938842773 97
1653773243310 18.282663345336914 98
1653773243626 18.196027755737305 99
1653773243959 18.131994247436523 100
1653773244273 18.07979965209961 101
1653773244602 18.01841926574707 102
1653773244902 17.94987678527832 103
1653773245243 17.887847900390625 104
1653773245550 17.85104751586914 105
1653773245860 17.79624366760254 106
1653773246155 17.729167938232422 107
1653773246464 17.69264030456543 108
1653773246778 17.57509422302246 109
1653773247084 17.539104461669922 110
1653773247382 17.498201370239258 111
1653773247691 17.436445236206055 112
1653773248008 17.4092960357666 113
1653773248310 17.301025390625 114
1653773248617 17.27389907836914 115
1653773248917 17.183738708496094 116
1653773249225 17.14350128173828 117
1653773249532 17.080251693725586 118
1653773249874 17.03335189819336 119
1653773250180 16.966800689697266 120
1653773250480 16.931102752685547 121
1653773250780 16.868791580200195 122
1653773251083 16.803712844848633 123
1653773251384 16.724538803100586 124
1653773251690 16.66793441772461 125
1653773251992 16.63255500793457 126
1653773252293 16.60795783996582 127
1653773252595 16.520357131958008 128
1653773252898 16.49024772644043 129
1653773253199 16.382469177246094 130
1653773253501 16.388072967529297 131
1653773253804 16.298587799072266 132
1653773254110 16.2794189453125 133
1653773254419 16.194263458251953 134
1653773254782 16.14971351623535 135
1653773255083 16.059274673461914 136
1653773255389 16.030357360839844 137
1653773255702 15.958765983581543 138
1653773256005 15.93920612335205 139
1653773256305 15.886857986450195 140
1653773256617 15.791678428649902 141
1653773256928 15.785665512084961 142
1653773257229 15.727993965148926 143
1653773257580 15.687203407287598 144
1653773257889 15.586092948913574 145
1653773258195 15.575526237487793 146
1653773258498 15.516798973083496 147
1653773258799 15.4641752243042 148
1653773259104 15.413678169250488 149
1653773259473 15.378960609436035 150
1653773259778 15.297160148620605 151
1653773260083 15.218591690063477 152
1653773260398 15.173768043518066 153
1653773260700 15.15330982208252 154
1653773261004 15.105070114135742 155
1653773261312 15.037574768066406 156
1653773261625 15.046945571899414 157
1653773261927 14.951850891113281 158
1653773262231 14.90231704711914 159
1653773262539 14.872498512268066 160
1653773262848 14.807706832885742 161
1653773263152 14.802776336669922 162
1653773263465 14.686894416809082 163
1653773263775 14.651355743408203 164
1653773264081 14.621729850769043 165
1653773264384 14.56965446472168 166
1653773264696 14.47563648223877 167
1653773265032 14.453974723815918 168
1653773265337 14.393608093261719 169
1653773265645 14.378547668457031 170
1653773265946 14.33621597290039 171
1653773266246 14.30086898803711 172
1653773266558 14.239020347595215 173
1653773266866 14.204132080078125 174
1653773267179 14.171607971191406 175
1653773267486 14.106695175170898 176
1653773267803 14.1483736038208 177
1653773268110 14.002856254577637 178
1653773268421 13.98393440246582 179
1653773268728 13.916776657104492 180
1653773269040 13.911327362060547 181
1653773269359 13.858941078186035 182
1653773269670 13.843109130859375 183
1653773269974 13.778742790222168 184
1653773270281 13.754894256591797 185
1653773270621 13.698349952697754 186
1653773270921 13.625035285949707 187
1653773271227 13.612771034240723 188
1653773271539 13.589512825012207 189
1653773271849 13.53295612335205 190
1653773272158 13.489693641662598 191
1653773272465 13.440491676330566 192
1653773272784 13.390050888061523 193
1653773273093 13.393179893493652 194
1653773273404 13.310663223266602 195
1653773273719 13.280081748962402 196
1653773274025 13.274848937988281 197
1653773274333 13.254273414611816 198
1653773274642 13.196558952331543 199
1653773274947 13.176161766052246 200
1653773275257 13.116485595703125 201
1653773275609 13.045204162597656 202
1653773275917 13.045469284057617 203
1653773276225 12.976568222045898 204
1653773276531 12.959717750549316 205
1653773276843 12.888561248779297 206
1653773277151 12.881585121154785 207
1653773277458 12.869853973388672 208
1653773277772 12.831304550170898 209
1653773278083 12.78507137298584 210
1653773278396 12.739062309265137 211
1653773278703 12.701177597045898 212
1653773279011 12.688769340515137 213
1653773279322 12.629449844360352 214
1653773279629 12.624040603637695 215
1653773279938 12.574647903442383 216
1653773280279 12.505867004394531 217
1653773280592 12.5035400390625 218
1653773280906 12.517351150512695 219
1653773281219 12.43398666381836 220
1653773281521 12.393790245056152 221
1653773281832 12.348417282104492 222
1653773282139 12.333026885986328 223
1653773282442 12.308667182922363 224
1653773282747 12.291790962219238 225
1653773283061 12.222126007080078 226
1653773283372 12.163751602172852 227
1653773283675 12.2200927734375 228
1653773284014 12.13829517364502 229
1653773284317 12.134918212890625 230
1653773284622 12.099245071411133 231
1653773284925 12.100140571594238 232
1653773285232 12.018406867980957 233
1653773285546 11.994041442871094 234
1653773285860 11.94986343383789 235
1653773286168 11.988081932067871 236
1653773286476 11.950546264648438 237
1653773286787 11.870851516723633 238
1653773287098 11.856836318969727 239
1653773287409 11.827012062072754 240
1653773287715 11.788870811462402 241
1653773288023 11.784934997558594 242
1653773288328 11.799345016479492 243
1653773288671 11.698050498962402 244
1653773288985 11.71638011932373 245
1653773289295 11.62531566619873 246
1653773289605 11.670543670654297 247
1653773289909 11.638505935668945 248
1653773290218 11.615869522094727 249
1653773290529 11.558711051940918 250
1653773290840 11.615900039672852 251
1653773291149 11.538593292236328 252
1653773291453 11.496447563171387 253
1653773291772 11.530466079711914 254
1653773292095 11.441121101379395 255
1653773292406 11.437313079833984 256
1653773292716 11.405773162841797 257
1653773293017 11.410234451293945 258
1653773293373 11.391338348388672 259
1653773293680 11.328359603881836 260
1653773293993 11.33401870727539 261
1653773294296 11.305225372314453 262
1653773294609 11.274297714233398 263
1653773294911 11.238122940063477 264
1653773295215 11.283065795898438 265
1653773295518 11.196922302246094 266
1653773295821 11.192229270935059 267
1653773296142 11.174330711364746 268
1653773296454 11.15624713897705 269
1653773296759 11.12539005279541 270
1653773297072 11.114646911621094 271
1653773297369 11.099614143371582 272
1653773297678 11.050566673278809 273
1653773298016 11.020025253295898 274
1653773298330 11.077390670776367 275
1653773298644 11.003433227539062 276
1653773298970 11.002176284790039 277
1653773299273 10.990242004394531 278
1653773299581 10.911873817443848 279
1653773299884 10.939766883850098 280
1653773300200 10.926735877990723 281
1653773300511 10.915275573730469 282
1653773300820 10.895630836486816 283
1653773301125 10.85916519165039 284
1653773301432 10.844799041748047 285
1653773301735 10.85586929321289 286
1653773302044 10.787176132202148 287
1653773302354 10.784140586853027 288
1653773302712 10.795235633850098 289
1653773303012 10.789616584777832 290
1653773303321 10.736140251159668 291
1653773303628 10.744791984558105 292
1653773303929 10.72746753692627 293
1653773304238 10.710038185119629 294
1653773304546 10.662408828735352 295
1653773304853 10.68250846862793 296
1653773305173 10.656715393066406 297
1653773305477 10.67782211303711 298
1653773305785 10.654794692993164 299
1653773306089 10.612518310546875 300
1653773306434 10.588590621948242 301
1653773306746 10.596233367919922 302
1653773307055 10.575772285461426 303
1653773307365 10.524709701538086 304
1653773307689 10.4966459274292 305
1653773307992 10.543331146240234 306
1653773308307 10.533439636230469 307
1653773308624 10.511860847473145 308
1653773308937 10.493389129638672 309
1653773309251 10.508358001708984 310
1653773309551 10.467658042907715 311
1653773309854 10.457113265991211 312
1653773310213 10.433304786682129 313
1653773310519 10.37180233001709 314
1653773310831 10.399532318115234 315
1653773325140 10.508358001708984 316
