1653825753516 0.7094588875770569 0
1653825754764 0.6164237260818481 1
1653825756065 0.6043578386306763 2
1653825757298 0.5969828367233276 3
1653825758556 0.5944385528564453 4
1653825759789 0.5904859304428101 5
1653825761160 0.5910773277282715 6
1653825762454 0.5886667966842651 7
1653825763761 0.5865709781646729 8
1653825765066 0.585008978843689 9
1653825766387 0.5866842269897461 10
1653825767777 0.5852487683296204 11
1653825769120 0.5826609134674072 12
1653825770463 0.5807029604911804 13
1653825771832 0.5814508199691772 14
1653825773439 0.5784728527069092 15
1653825775032 0.5815415382385254 16
1653825776504 0.5788779854774475 17
1653825778272 0.5796911120414734 18
1653825779682 0.5800487995147705 19
1653825780965 0.5776152610778809 20
1653825782346 0.5769414901733398 21
1653825783651 0.5760048031806946 22
1653825784876 0.5750359892845154 23
1653825786172 0.576416552066803 24
1653825787490 0.5763607621192932 25
1653825788911 0.5751845836639404 26
1653825790172 0.5772716999053955 27
1653825809921 0.5788779854774475 28
