1653825973010 0.6894863843917847 0
1653825974432 0.6151794791221619 1
1653825975709 0.6074126362800598 2
1653825977066 0.5993456840515137 3
1653825978374 0.5966925621032715 4
1653825979778 0.5965673923492432 5
1653825981150 0.5925395488739014 6
1653825982487 0.5932292938232422 7
1653825983847 0.5914177298545837 8
1653825985272 0.5866696238517761 9
1653825986782 0.5884175896644592 10
1653825988240 0.5881405472755432 11
1653825989665 0.5860424041748047 12
1653825991111 0.5846835374832153 13
1653825992709 0.5851015448570251 14
1653825993952 0.5862678289413452 15
1653825995434 0.5839636325836182 16
1653825997056 0.5866793394088745 17
1653825998391 0.5836867690086365 18
1653825999700 0.5823119878768921 19
1653826001075 0.5830692648887634 20
1653826002433 0.5841376185417175 21
1653826003681 0.5858647227287292 22
1653826004950 0.5799879431724548 23
1653826006282 0.5811469554901123 24
1653826007569 0.5801703929901123 25
1653826008843 0.579775869846344 26
1653826010121 0.5797370076179504 27
1653826011574 0.5810611248016357 28
1653826013321 0.5800064206123352 29
1653826014754 0.5797054171562195 30
1653826016378 0.5787853002548218 31
1653826017832 0.5768534541130066 32
1653826019191 0.5784590244293213 33
1653826020533 0.577664852142334 34
1653826021938 0.5787822604179382 35
1653826023408 0.5775447487831116 36
1653826042121 0.579775869846344 37
