1653777690882 28.328472137451172 0
1653777691246 27.563928604125977 1
1653777691592 26.542842864990234 2
1653777691936 25.59279441833496 3
1653777692287 24.838449478149414 4
1653777692632 24.171262741088867 5
1653777692969 23.589385986328125 6
1653777693300 23.130535125732422 7
1653777693699 22.678279876708984 8
1653777694034 22.400657653808594 9
1653777694376 22.061342239379883 10
1653777694720 21.80704689025879 11
1653777695059 21.442153930664062 12
1653777695407 21.18129539489746 13
1653777695757 20.88023567199707 14
1653777696100 20.67111587524414 15
1653777696445 20.418079376220703 16
1653777696796 20.175556182861328 17
1653777697132 19.95001983642578 18
1653777697551 19.6885986328125 19
1653777697893 19.500457763671875 20
1653777698228 19.253910064697266 21
1653777698575 19.08327293395996 22
1653777698916 18.892248153686523 23
1653777699260 18.70270538330078 24
1653777699608 18.47458839416504 25
1653777699948 18.288753509521484 26
1653777700288 18.16226577758789 27
1653777700632 17.931365966796875 28
1653777700975 17.753427505493164 29
1653777701312 17.51881980895996 30
1653777701657 17.300981521606445 31
1653777701994 17.248214721679688 32
1653777702334 17.021448135375977 33
1653777702675 16.82630157470703 34
1653777703012 16.634845733642578 35
1653777703351 16.454137802124023 36
1653777703734 16.29703712463379 37
1653777704077 16.14793586730957 38
1653777704416 15.971023559570312 39
1653777704762 15.80780029296875 40
1653777705096 15.666794776916504 41
1653777705433 15.468118667602539 42
1653777705776 15.373517990112305 43
1653777706114 15.162639617919922 44
1653777706457 14.980340003967285 45
1653777706805 14.857178688049316 46
1653777707136 14.637242317199707 47
1653777707481 14.548649787902832 48
1653777707832 14.402048110961914 49
1653777708176 14.256379127502441 50
1653777708515 14.104247093200684 51
1653777708851 13.924381256103516 52
1653777709193 13.789140701293945 53
1653777709543 13.660453796386719 54
1653777709889 13.559102058410645 55
1653777710294 13.399886131286621 56
1653777710638 13.22976016998291 57
1653777710987 13.194856643676758 58
1653777711331 13.043383598327637 59
1653777711681 12.951144218444824 60
1653777712018 12.778100967407227 61
1653777712356 12.660743713378906 62
1653777712700 12.618997573852539 63
1653777713034 12.515774726867676 64
1653777713374 12.421624183654785 65
1653777713726 12.296051025390625 66
1653777714072 12.085692405700684 67
1653777714422 12.08077335357666 68
1653777714771 12.010992050170898 69
1653777715112 11.893068313598633 70
1653777715453 11.8687162399292 71
1653777715812 11.672113418579102 72
1653777716159 11.701688766479492 73
1653777716537 11.549025535583496 74
1653777716890 11.500636100769043 75
1653777717229 11.380721092224121 76
1653777717563 11.376707077026367 77
1653777717900 11.253250122070312 78
1653777718235 11.200395584106445 79
1653777718574 11.039016723632812 80
1653777718906 10.988638877868652 81
1653777719254 11.021260261535645 82
1653777719601 10.898992538452148 83
1653777719944 10.86994457244873 84
1653777720278 10.734430313110352 85
1653777720619 10.724311828613281 86
1653777720954 10.642239570617676 87
1653777721294 10.59528923034668 88
1653777721638 10.479543685913086 89
1653777721975 10.475223541259766 90
1653777722316 10.455225944519043 91
1653777722723 10.439679145812988 92
1653777723061 10.225775718688965 93
1653777723401 10.238661766052246 94
1653777723744 10.255581855773926 95
1653777724078 10.161588668823242 96
1653777724413 10.156890869140625 97
1653777724749 10.082509994506836 98
1653777738928 10.225775718688965 99
