1653829438789 0.5876975655555725 0
1653829444138 0.5532280206680298 1
1653829449238 0.5497314929962158 2
1653829454258 0.5478042364120483 3
1653829459368 0.546146810054779 4
1653829464424 0.5470423102378845 5
1653829469499 0.5447980761528015 6
1653829474509 0.5465121269226074 7
1653829479542 0.5432329773902893 8
1653829484618 0.5439956784248352 9
1653829489741 0.5429183840751648 10
1653829494769 0.5428460836410522 11
1653829499809 0.5448681116104126 12
1653829504782 0.5415668487548828 13
1653829510633 0.5422682762145996 14
1653829515762 0.5416609048843384 15
1653829520801 0.5413585305213928 16
1653829525855 0.5406243205070496 17
1653829530877 0.5410407185554504 18
1653829535926 0.5409554839134216 19
1653829540929 0.5412038564682007 20
1653829545957 0.5409176349639893 21
1653829551099 0.5401517748832703 22
1653829557254 0.539953887462616 23
1653829564182 0.5403391718864441 24
1653829571009 0.5405260920524597 25
1653829576961 0.5392486453056335 26
1653829582225 0.5399578213691711 27
1653829587314 0.538031816482544 28
1653829592480 0.5379579663276672 29
1653829597525 0.5383718609809875 30
1653829602570 0.537762463092804 31
1653829607636 0.5371650457382202 32
1653829612727 0.5386891961097717 33
1653829617772 0.5383941531181335 34
1653829622869 0.5367512106895447 35
1653829627943 0.5370174050331116 36
1653829633026 0.5365336537361145 37
1653829647899 0.5399578213691711 38
